-2.194036317412973780e+00
-2.165544320706977111e+00
-2.207685822830535827e+00
-2.207758592086611849e+00
-2.186006006511160393e+00
-2.201297599979443298e+00
-2.119813262700336320e+00
-1.693648156116251080e+00
-1.677726606169017032e+00
-1.687224219512426515e+00
-1.654078521206974628e+00
-1.621245837339666096e+00
-1.637409970391308534e+00
-1.502359093178529115e+00
-2.607561043230814946e-01
-2.037068755889777094e-01
-2.261396444606358358e-01
-1.662434433877928441e-01
-1.320043634972529745e-01
-1.470591187389800325e-01
-5.405286033055567430e-03
6.585472502221820790e-01
6.508327041752632880e-01
6.209494005044691178e-01
6.816576082172103312e-01
7.160870684834659272e-01
7.571583499753611335e-01
7.383167941239658916e-01
8.413163939549122006e-01
1.252055787295103251e+00
1.244802662346046418e+00
1.249674629070796072e+00
1.246740308613516923e+00
1.248500095331110060e+00
1.244639439834281269e+00
1.185479238862171769e+00
1.222841882309876560e+00
3.886705182201701803e-01
4.227260714164007283e-01
3.416199647239404058e-01
2.974134496646003711e-01
3.155415889865258450e-01
2.663617972342757767e-01
1.729711893189236349e-01
-7.860460825148036790e-01
-7.232364609546486633e-01
-8.271274417435048321e-01
-8.687559514946769923e-01
-8.461602702416710642e-01
-9.276334682072047144e-01
-1.095896845529205521e+00
-9.826827364886412397e-01
-2.283462941183825201e+00
-2.267807968053966672e+00
-2.297224886676121791e+00
-2.318048661324428217e+00
-2.306996326855732971e+00
-2.336998335484531619e+00
-2.405504151320201345e+00
-2.367463298077927547e+00
-2.578389888498350047e+00
-2.583067380986176609e+00
-2.567922912645735689e+00
-2.551574547449126484e+00
-2.526879426033701748e+00
-2.541096105554606410e+00
-2.461709013750078334e+00
-1.584289820890989908e+00
-1.562759182720037998e+00
-1.574915876028534889e+00
-1.539447221186128090e+00
-1.516202946096018245e+00
-1.526274000857665403e+00
-1.453966171240608674e+00
-9.850212140270739880e-01
-9.616051701625112358e-01
-9.721825619606541125e-01
-9.403758633881809104e-01
-9.155772589438129216e-01
-9.259750921279188418e-01
-7.879089629219375723e-01
-5.307327326154354097e-02
-9.343764013610744712e-02
-6.029536948772129534e-02
-3.154023052775301039e-02
7.263066829183983941e-04
3.856381726800428567e-02
2.345987653825432062e-02
1.231101007782848811e-01
7.915535512031057763e-01
7.728213249763937753e-01
7.972582537389829582e-01
7.928237473417540926e-01
7.976209405576808464e-01
7.820831754128452218e-01
7.452879423159171068e-01
6.654205666214689785e-01
-3.074454491143114865e-01
-2.775120495847662738e-01
-3.381713539129123092e-01
-3.663082730752655891e-01
-3.532914476527366787e-01
-3.870648133917713452e-01
-4.513215322571344501e-01
-1.169472402552492518e+00
-1.123355681114480475e+00
-1.189305772032821729e+00
-1.203971023036865873e+00
-1.197482361254515126e+00
-1.217861146508949055e+00
-1.229330627579474644e+00
-1.253488432086305338e+00
-1.652657568969880142e+00
-1.625824619262130177e+00
-1.665341578179504012e+00
-1.680335371952969226e+00
-1.672598668659339261e+00
-1.687701928603928536e+00
-1.695638574776239693e+00
-1.722578474678448046e+00
1.434730380793917348e+00
1.379448488837805797e+00
1.360851803582045605e+00
-2.589352331953705288e+00
-2.511776321637444020e+00
-2.026669586508068832e+00
-2.556242247516638422e+00
-2.471482475023367265e+00
-1.677516641144756626e+00
-1.808308499802659952e+00
-2.571422577620251282e+00
-2.578544304257957442e+00
-2.505124601835268194e+00
-2.542604458646382959e+00
-2.236181115881481496e+00
-2.513434722321107539e+00
-2.553490783559391186e+00
-2.562811816684552380e+00
-2.448042817597160692e+00
-2.564246239687781426e+00
-2.344628281099721434e+00
-1.767219478191691451e+00
-1.614069061217014767e+00
-1.620554667276155936e+00
-1.649124820003635250e+00
-2.426236712760873715e+00
-2.406690736353629845e+00
-1.551002370702917688e+00
-1.553456625343824449e+00
-2.328575102309696554e+00
-2.327203707559965196e+00
-1.570444206197862069e+00
-2.380788231770566199e+00
-2.347571913542924271e+00
-1.524229534860933377e+00
-1.539544102008221671e+00
-2.309575112719903345e+00
-2.455897310998989447e+00
-2.305378961414680461e+00
-2.506687953046639272e+00
-1.964617660487419926e+00
-2.094512892045895747e+00
-2.491586632817052838e+00
-2.379119609171175043e+00
-1.499812056553491590e+00
-1.492303349447319682e+00
-2.290271383870276622e+00
-2.288735606605769135e+00
-2.282772360355011187e+00
-2.391630054207053213e+00
-2.332206548844987903e+00
-1.582658577281108148e+00
-1.613448804239305368e+00
-2.200616440597513712e+00
-1.906848399295995478e+00
-1.237982633127831633e+00
-1.335366160509875222e+00
-1.421442040805414031e+00
-1.454569528570572867e+00
-2.303717206067813272e+00
-2.270363761122280444e+00
-1.508526968494697584e+00
-1.541159175713255003e+00
-1.816397624489036744e+00
-1.846941631965455688e+00
-2.000565165041189086e+00
-1.580476598400855526e+00
-2.217069724429165944e+00
-1.997328661612118417e+00
-2.255216010186996023e+00
-2.263678920464007760e+00
-1.849340706197835971e+00
-2.313561043949448504e+00
-2.283598854987940463e+00
-1.558032775331230191e+00
-1.561723344358323828e+00
-1.612817924081173082e+00
-1.043260237676440383e+00
-1.120200968990683776e+00
-1.438162820704746991e+00
-1.659078976063756095e+00
-1.402164976387575201e+00
-2.218461597154964160e+00
-1.869121108454419034e+00
-1.665700268183718968e+00
-1.291033744515152293e+00
-1.323406874761713148e+00
-2.303681060278904624e+00
-2.027058838773518445e+00
-2.330913631041767076e+00
-2.168787391972728074e+00
-2.237396323260327335e+00
-2.058734200597973185e+00
-1.478078590116638225e+00
-1.487715675272920812e+00
-1.410633715438597946e+00
-1.267932894256955656e+00
-1.043224086986447752e+00
-1.471379324735607952e+00
-1.457491970020055483e+00
-1.030792963471321322e+00
-1.881456165217969101e+00
-2.190480903143179781e+00
-1.927349634160782088e+00
-1.542550458807091296e+00
-1.641599764095735381e+00
-1.517622947558993740e+00
-1.389405343001999693e+00
-1.003822135529480519e+00
-1.100619603873929542e+00
-1.001901645070756963e+00
-1.024088582579861573e+00
-1.341655174473999068e+00
-1.345510589316836203e+00
-1.235556196460675160e+00
-1.321741375084092951e+00
-1.168589796154992477e+00
-9.629273375147020531e-01
-1.006920565840846216e+00
-9.182521169597750443e-01
-1.044200122629991512e+00
-7.443979269053668801e-01
-1.086226207815343514e+00
-1.594440330995712252e+00
-1.259585054275521365e+00
-8.167906164424492133e-01
-1.569356985979538877e+00
-1.846562111639650450e+00
-1.503261698369169785e+00
-1.225121045070408865e+00
-1.811017228980199345e+00
-1.429819446693000096e+00
-1.132467166655987789e+00
-1.183671336379484185e+00
-9.513309313450006854e-01
-9.432365654502063990e-01
-9.456597224052529782e-01
-8.923161191720287988e-01
-8.844054168323056686e-01
-9.690226151375096464e-01
-9.991838396148526869e-01
-1.100321590327075327e+00
-8.838192156777955333e-01
-9.219613420078536237e-01
-8.388370793225474742e-01
-8.007073481247060087e-01
-1.187353092385456499e+00
-1.240903834806522887e+00
-9.574270607525248167e-01
-6.092662168579412452e-01
-1.067001857029389988e+00
-1.059266735138954196e+00
-6.852565518667690370e-01
-5.869546071480726823e-01
-1.198794814500434125e+00
-1.132468231157690575e+00
-9.415897536207920027e-01
-1.367515926240594037e+00
-8.878783886713792484e-01
-8.668071513762694025e-01
-9.056355004431679845e-01
-8.564137661014683545e-01
-8.458046676416417498e-01
-9.336789426393812263e-01
-8.036947349522964856e-01
-7.993974309938494116e-01
-9.511658093542791903e-01
-8.905823104869341478e-01
-8.355236909439556214e-01
-7.888785214279776525e-01
-7.310154982464149853e-01
-7.414853415742976850e-01
-4.448791758011791941e-01
-7.960940972669057203e-01
-8.468897389975609258e-01
-5.579045403777849188e-01
-8.827546401793373576e-01
-6.178853699908355424e-01
-8.384476242543312807e-01
-8.658504520368301982e-01
-7.576446195656902916e-01
-5.882586989522682330e-01
-1.010744127377983581e+00
-7.820369307853978214e-01
-5.029617817737745966e-01
-8.714359930367212570e-01
-5.456711459846701473e-01
-2.868213854977508248e-01
-5.730257018018161119e-01
-9.018084197945430702e-01
-6.176620993064716458e-01
-7.367885929648769761e-01
-7.798806479782793843e-01
-7.123727203375889161e-01
-3.587228429038082922e-01
-6.231914379604859278e-01
-4.136388736485967499e-01
-4.431819917634136630e-01
-8.369063545949755323e-01
-8.299585946719156837e-01
-4.624237356008960020e-01
-4.201040240528524095e-01
-6.040788286132743323e-01
-5.807863278023432940e-01
-4.731414556546953420e-01
-1.799116471898747349e-01
1.334391643977141939e-01
-5.138596169301310468e-01
-6.057415159157208961e-02
-3.339525469142250458e-01
-4.834445462358418766e-01
-4.522413527854949322e-01
-2.155230328164181586e-01
-1.445251736731734127e-01
-7.287691347155487165e-01
-8.662127776522541289e-01
-5.703397260382185863e-01
-3.073986901916212489e-01
-2.716408674998094241e-01
-1.957941722357645631e-01
1.317520908603908580e-01
-1.470270392659580594e-01
-2.766064416558942085e-01
-5.620521810196805745e-01
-7.171410235867368144e-01
-2.184272452024744737e-01
-5.717153626290381041e-01
-3.404185102495826953e-01
-6.727310432761424153e-02
-7.738990320358407615e-02
-4.717394294712029534e-02
-7.426767504075559856e-02
-2.249878595990599806e-01
-3.870566093770317906e-01
-1.819242025172567168e-01
6.254616685328073800e-02
-2.876533506409035823e-01
3.728315098851631149e-03
-1.392668068088829258e-01
1.592714157770389605e-01
-2.443720310926442707e-01
2.333078585215808687e-02
1.172651707136536103e-01
-3.550678417755994687e-01
-8.017148093786108376e-02
-1.846772663702722639e-01
-3.310026596300303936e-01
-9.422833343851344523e-02
1.927626182441599667e-02
3.325490287388710442e-02
1.978070892510004342e-01
2.284425126097628933e-01
4.780240260588541901e-02
-5.864442314487128272e-03
-1.278351787623250857e-01
1.805348885944111359e-01
3.981836472084978595e-01
4.054304360062817025e-01
-1.684271204110707743e-01
4.063589915167575839e-02
2.544036589315510355e-01
9.359686216193985331e-02
1.392956229996347162e-01
6.393497766897784373e-01
2.601080308013479225e-01
3.015569609269697082e-02
-2.882912797460441823e-01
2.093690698791759175e-01
1.664177137194204903e-01
1.471212438511422249e-01
-1.232422975532241338e-01
-3.180747591541166486e-02
2.385513661138247699e-01
4.379084038038856264e-01
4.457245637982847342e-01
6.923653636418745094e-01
7.181984739479956303e-01
2.374852645676588381e-01
5.267618994286751288e-01
7.191295913915380922e-01
6.540023684879994192e-01
3.563638112624172294e-01
2.389790107961742294e-01
2.730510463763486939e-01
3.021962617698585873e-01
3.441665706108327782e-01
3.416267109772892496e-01
8.547025404812300664e-01
2.887388903574903409e-01
-1.040923452819697559e-03
2.415649014190419663e-01
-1.613946434226853910e-02
2.783637966262180186e-01
2.993566095305144614e-01
3.305588769377205693e-01
-8.995021232985855875e-02
-2.774504162371194127e-02
6.658585304394382121e-02
1.329923298675570464e-01
1.961644738737966520e-01
3.810964398609941739e-01
1.655579850281361232e-01
5.746995347697527734e-01
4.081905541475858712e-01
3.996198396140240305e-01
8.205106395646000195e-01
5.884712963219502768e-01
8.570343667961424217e-01
1.030893731745891273e+00
6.890129987325055438e-01
3.510016105254178953e-01
4.672351770306706342e-01
7.560826774963063102e-01
5.203900988431993113e-01
7.184422283797173847e-01
4.270915151137160137e-01
6.454307523323219442e-01
-9.826862829504179331e-03
4.527706676744802650e-02
3.631498917646247548e-01
4.329131415928717530e-01
3.398293797334188682e-01
5.175039450230540794e-01
3.386383105418637740e-01
3.249689309159293771e-01
5.372903897368814796e-01
3.695302890264429152e-01
3.931700453802484674e-01
6.376892300904746236e-02
2.304873034008725341e-02
7.600442406255769612e-02
5.360222866031110200e-01
5.275233398017009634e-01
3.890921204758335250e-01
7.764331724349178288e-01
9.543711297417756256e-01
1.008928058407036588e+00
9.636462149392173160e-01
9.713734172604739925e-01
9.161745423276439482e-01
1.160273618371866711e+00
1.324852041900157928e+00
1.249658386400551713e+00
1.121997514134273288e+00
5.523006139308561657e-01
7.683083425741648043e-01
8.954965620403525506e-01
5.179824163242301438e-01
7.097172472407686783e-01
4.833847069254257889e-01
6.761764341572416015e-01
4.313781685719728642e-01
1.420253584685271520e-01
4.297564323060143465e-02
8.781489106477291529e-02
4.258250695362217897e-01
4.150248645222749388e-01
6.112985987390855414e-01
5.083892752183603037e-01
6.411545266862956893e-01
7.366914578131398272e-01
9.164677696768199766e-01
1.180279805523605674e+00
1.198302587852230872e+00
1.410074746426107417e+00
1.572860746731748804e+00
7.994111021835124120e-01
9.250241986097540448e-01
9.301737926041830917e-01
1.160959689033916220e+00
8.132894685433713633e-01
9.848820714658366171e-01
4.857433894649147987e-01
5.420989403966807174e-01
5.014465108921282166e-01
1.868019877758344549e-01
4.729413352499252099e-01
8.194930415600536477e-01
6.716800237423736775e-01
8.776232669537415987e-01
1.704279458499513566e-01
3.195019063423387706e-01
7.686779324576491490e-01
8.734093304257841694e-01
1.228594830748625188e+00
1.405151688613841099e+00
1.570787311362801475e+00
1.733794888116972466e+00
1.185316382678865743e+00
1.292317991772869767e+00
1.302431198315753047e+00
1.084587900605402666e+00
1.115254709930741051e+00
1.106403009197674869e+00
1.077674451094935648e+00
1.523081175429979339e+00
1.349237841385184211e+00
1.606648837038665345e+00
1.512458070923457853e+00
9.207368963921913618e-01
1.026547436392865720e+00
8.742975899454910049e-01
8.614175403425177180e-01
1.004590433416888473e+00
1.131646194533823646e+00
3.079022513644300574e-01
6.647294158407026643e-01
7.335278556856792420e-01
7.197130772459789938e-01
7.958691761072254067e-01
1.092791304539423081e+00
9.848658814094966019e-01
7.030111645173739987e-01
9.937645725673069919e-01
1.253924137348076506e+00
1.521381565459887231e+00
1.511894732756627668e+00
1.618041962804272593e+00
1.774731638772936826e+00
1.831168694855295875e+00
1.732514829654246746e+00
1.819867768452968271e+00
1.065092421000008116e+00
1.021999897689238601e+00
1.131876645256852498e+00
1.225399800387094729e+00
8.799607800669031477e-01
7.324422174249782813e-01
6.252445121062919497e-01
8.643559169839134526e-01
1.009848835179582238e+00
9.896568981406748122e-01
9.565930227341592484e-01
1.217643434047931628e+00
4.582934624631889164e-01
4.465818319818932736e-01
7.208293934119867075e-01
1.069436565460637034e+00
1.118857846784521382e+00
1.410924367627012455e+00
1.754843607440125020e+00
1.751100327837048276e+00
1.633677607745630311e+00
1.509218502005387652e+00
1.912689604901243179e+00
1.315532768677803332e+00
1.409440913921571337e+00
1.229749952096607757e+00
1.215543755254475222e+00
1.176485145004699362e+00
1.269097750255605561e+00
1.153359136778453475e+00
1.232616001109999360e+00
1.140167517434747424e+00
1.261160340945934877e+00
1.291430130129447296e+00
6.268894273031033748e-01
7.692366293922532350e-01
1.075292687374166611e+00
1.052941604435909895e+00
1.219808785174973487e+00
6.537310696381615216e-01
8.692537473631096745e-01
1.079039364162599490e+00
1.195067502994788811e+00
1.178441341698635902e+00
1.231681818352081237e+00
1.145119384786812411e+00
1.289132107218028622e+00
1.552091086732979797e+00
1.798856253353005918e+00
1.879309525550342919e+00
1.922139176851487274e+00
1.933714648803288583e+00
1.909383777232141810e+00
1.845980625475931447e+00
1.272327397388289150e+00
1.318333232922304532e+00
1.210949687604442992e+00
1.267071349124307744e+00
1.221284839204236583e+00
1.279753898007765400e+00
7.952496137120759201e-01
7.942601608461696827e-01
7.937511596304833716e-01
1.189638996880966637e+00
1.243581658112816513e+00
1.247276819776743650e+00
7.472335309430491179e-01
7.531683930836150509e-01
8.966465524630620187e-01
1.087679076541098411e+00
1.532463132811244577e+00
1.404802176472730757e+00
1.247811825480312109e+00
1.402019061986356618e+00
1.691059672110714285e+00
1.942202821803221013e+00
1.917202318520867088e+00
1.288926979285315078e+00
1.337067429769376758e+00
1.344005370314699022e+00
1.292341549310367377e+00
1.320176148635800573e+00
1.342790998794953339e+00
1.244597146741580396e+00
7.976358651823822754e-01
7.927463745698331010e-01
7.906847080914305437e-01
8.028074098401702940e-01
7.954399163194469935e-01
8.104289340670218778e-01
1.238556419662200092e+00
1.247440163756254883e+00
1.259555123001336874e+00
1.246474118891637950e+00
1.251215789350681007e+00
1.017768991895718678e+00
1.219529177257209440e+00
1.029342156523489038e+00
1.249634424329269855e+00
7.880231831688435662e-01
1.307711170107359600e+00
1.339956673595588121e+00
1.313735933258430855e+00
1.508080362672626684e+00
1.416091290337499586e+00
1.647458821879990598e+00
1.433404724461433410e+00
1.812112442611396368e+00
1.804186814712738673e+00
1.861972541814611581e+00
1.789736498134153031e+00
1.305365745315794079e+00
1.287592824929743252e+00
1.311741918161714704e+00
1.323216148123901981e+00
1.335246589413145113e+00
1.340407666034297840e+00
1.361226125739631421e+00
1.345274730153323439e+00
1.235108703898731619e+00
1.234533446445129634e+00
7.871502669237084859e-01
7.833680091658612454e-01
6.827120164583906359e-01
1.249692459369544650e+00
1.250991449283901602e+00
1.249370636686216507e+00
1.280363193206722094e+00
8.989888294745469466e-01
1.306840666610514567e+00
1.264016612783598781e+00
1.621987351859570659e+00
1.277667388954432326e+00
1.158080452837748187e+00
1.253328699668054824e+00
1.704223292758979547e+00
1.572492741696987828e+00
1.862519521485955565e+00
1.272607930087542805e+00
1.291710455878638086e+00
1.293077839236139059e+00
1.306345586033421213e+00
7.640336486685557205e-01
6.870171734655734497e-01
7.686666217166928661e-01
6.095434283022767019e-01
1.271573965146671981e+00
1.180342400801600355e+00
7.400080988765695977e-01
4.788353676907712853e-01
5.085427872778378600e-01
1.245192178781144854e+00
1.179075277346418815e+00
1.278169364982750800e+00
1.484136069481610143e+00
1.294980239964206525e+00
1.236727669539686936e+00
8.093001061992257661e-01
1.649926869913906025e+00
1.554032773715153137e+00
1.780122345760173808e+00
1.618067211881862200e+00
1.795944957603932579e+00
1.643971714520011673e+00
1.568248248202144701e+00
1.253476284848875189e+00
1.203250576941354844e+00
1.270022938048350980e+00
1.301038181225521839e+00
1.266773098918565488e+00
1.191534842409600614e+00
1.316752018351690090e+00
1.224892150273080738e+00
1.058225003234110950e+00
1.067180512554477545e+00
4.542813401261813766e-01
5.953686556167667732e-01
1.259004916681442765e+00
1.130232566519407733e+00
1.233696028660051347e+00
1.174590579257347223e+00
2.380358258436894303e-01
1.538276399776077330e+00
1.779553070807015303e+00
1.457804858760209932e+00
1.623890123394084561e+00
1.466857229825109243e+00
1.111786162487987895e+00
9.410257924013420983e-01
1.169868867142213276e+00
1.514497505285544499e+00
1.338446181686594905e+00
1.222358783506206414e+00
1.222766978073923205e+00
1.160423622844973579e+00
1.059797760154469692e+00
1.110138841405569288e+00
1.238716520633170060e+00
1.138590538859716617e+00
1.240427240324788905e+00
1.169591896251950480e+00
4.070800178451463580e-01
2.940112162032182397e-02
5.812054705631455320e-01
1.498581954161632979e-01
1.478524273610668516e-01
1.185883736063260585e+00
1.125000079383607243e+00
9.568812810815865433e-01
1.233450841979356838e+00
1.058418186797643656e+00
4.547388367864186876e-01
1.326018112416931682e+00
1.327333639762946493e+00
1.160459927019838133e+00
1.255886822010506165e+00
1.366012440258054461e+00
1.219358030956937178e+00
1.098021368126500974e+00
1.147305542333924677e+00
1.132617671515617985e+00
1.044798636193445596e+00
9.217746784735929566e-01
9.526937864764475350e-01
1.249988383746677201e+00
1.168205342380678857e+00
1.033622826407372131e+00
1.052736361217102790e+00
9.784708768478589391e-01
8.598479586071334779e-01
1.084066245029680076e+00
8.793818596517661845e-01
-2.144955244817534634e-01
1.080297392301145187e+00
1.932129278415235518e-01
-1.615995045314777556e-01
-2.154479849792547697e-01
8.004335606790844437e-01
5.555683089798550967e-01
9.345150802808346313e-01
1.210818665099213653e+00
9.374636569365977223e-01
7.659022721723882654e-01
8.782783917951739738e-01
1.228938981525424801e+00
1.278799924365012330e+00
9.862124293780647477e-01
1.080743798826006241e+00
9.338444025866916576e-01
9.248312479910962836e-01
9.547574119846107266e-01
1.057899523439118639e+00
9.337940410827281212e-01
7.945654093899063852e-01
7.838714767538474959e-01
7.984808214678196236e-01
9.816122820891903800e-01
-1.983198106172512354e-02
-1.868893032311458313e-01
5.083976544847246259e-02
-1.870699223305560821e-01
9.862012354074973786e-01
7.887426586705261755e-01
7.407778777938798243e-01
8.440305372001608575e-01
-2.690051672951092598e-01
1.194374818369396962e-01
7.858406568368074829e-01
5.026149626879492516e-01
6.690421023115051824e-01
1.032221631298307685e+00
7.875688280677426434e-01
1.009938935172977281e+00
7.008559979178246024e-01
8.283562164462638933e-01
6.621972956898387608e-01
6.130393924046071419e-01
8.834105673391601243e-01
7.302046789816811767e-01
7.820809017364807048e-01
7.793024455953849738e-01
7.909482034592656419e-01
7.381382345542082390e-01
-3.172410626983044324e-01
-2.950489337003094903e-01
9.434341563144696963e-01
9.283440082421297035e-01
-2.075503654195927083e-01
-1.508666099456599241e-01
8.230791109643176284e-01
6.389395299484021962e-01
-2.481689559062942863e-01
-3.222076440142700449e-01
7.566574390162710273e-01
7.043819314800199294e-01
4.124458517966553828e-01
1.704788802046088847e-01
4.424752979524777530e-01
2.855477878867533903e-01
3.432805433971228837e-01
1.014609178763930863e+00
7.343709695851430297e-01
5.136546671914405948e-01
7.714337539742706085e-01
8.511411686209608973e-01
4.325132458645386535e-01
4.190985043620454320e-01
6.099420553247911769e-01
6.414283994090510532e-01
-2.775094230455579236e-01
-3.932735042151760396e-01
7.742046013358052647e-01
7.045468084485033700e-01
6.783323482522973791e-01
6.194180196529481819e-01
8.572271630371686157e-01
6.976151763112277138e-01
-3.777523429918803188e-01
-3.435853526374552658e-01
-3.595373569289224136e-01
6.962357893469741654e-01
5.600737712346024466e-01
3.967169624869706368e-01
3.552829725886113010e-01
8.701562961941800012e-02
6.735023979214016521e-01
4.404240724572447974e-01
4.879868331248866653e-01
-3.507811012066675005e-01
-3.811176038347188211e-01
-4.042801020346820096e-01
-4.049721354385837913e-01
6.786462719697734514e-01
5.908392924349756825e-01
7.081615378498096192e-01
-2.306266892555868253e-01
4.824163895522364243e-01
6.567982409032957491e-02
4.056004254380241036e-04
1.495849064449430443e-01
4.938081851752942342e-01
2.974069024989152155e-01
1.078407260763922793e-01
4.922406554629565889e-01
2.534680501674300146e-01
4.207770934008294716e-01
5.138503502123059619e-01
2.101748122251594353e-01
-5.501731596014014514e-02
1.874166820402027867e-01
-5.252356520213652402e-02
-3.982132629083938724e-01
-4.285394023783739570e-01
-4.795784500194715250e-01
-5.593441250006438992e-01
5.972511925734576010e-01
3.959567724363299845e-01
5.338558699877467006e-01
-2.205767915875185281e-01
-3.224516004673203540e-01
-6.562542693311117503e-01
5.324343462063554355e-01
5.812961723542686698e-01
4.159484752468420865e-01
-1.683426905656215666e-02
2.212087936000903809e-01
2.275786402373345396e-01
-2.026443430397195655e-01
-8.716329532326216878e-02
2.492992024723204025e-01
-2.011879643832781284e-02
2.267030558316029953e-01
-1.329163293441526505e-01
1.624627696612153116e-01
2.013459625071840620e-01
-2.429396696097629871e-02
-3.239853762555862104e-01
-2.674228540970942092e-01
-6.152123204403316947e-01
-5.055175267858436072e-01
-6.781897942477375096e-01
-9.988931795291140503e-01
-3.109078823385056367e-01
-4.084561432711781848e-01
4.842924250726357016e-01
2.893109533761162311e-02
1.953378128535412372e-01
3.048057684703957548e-01
3.734759581333495504e-01
5.703980650141602382e-01
4.565017256507415411e-01
-4.752709809166848487e-01
-7.249788181768961337e-01
-1.150508740043729716e-01
1.544575457519403727e-02
-5.046722048835370344e-01
-4.653288596018700929e-02
-5.891645285300928236e-02
-3.184269511752058079e-01
-4.723396830522688106e-01
-3.264716241101250915e-02
-3.137854418921053323e-01
-6.031688480987211776e-01
-5.539268997148614204e-01
-9.707037853659130633e-01
-8.141416483791541481e-01
1.829172603698676625e-01
2.283074693841626868e-01
-1.221536941244263375e-01
-9.171239635033945348e-02
-4.024791219737382519e-01
-5.189253360833392392e-01
-7.835267294431105256e-01
2.169516085123124327e-02
1.297972952103014777e-01
-5.748780590656732414e-02
-4.241002847556956112e-01
-3.068338310346003794e-01
-2.743795953952936628e-01
-6.954419447894908402e-01
-7.428708004677897492e-01
-2.755545375606738290e-01
-5.370815012283856049e-01
-3.134487128234466624e-01
-7.029277136345619681e-01
-7.943398482457268983e-01
-6.980756508652117276e-01
3.069122833083390844e-01
-1.052395452556083910e+00
-8.900968468689827162e-01
-3.083157958171796054e-01
-5.870526802871607330e-01
-8.242014783667404032e-01
-8.312612822890512732e-01
-1.113475611963075984e+00
-1.157260119885904714e+00
3.627931934315764551e-02
1.508917951025070536e-01
-1.359711210359817457e-01
-1.069041898677824065e+00
-7.300519125536082399e-01
-1.113950745182227919e+00
-8.444277688016885719e-01
-1.378450454212742926e-02
-3.353784701088446951e-01
-1.743053651094665923e-01
-5.273656643810680222e-01
-5.455319185872209431e-01
-9.720454143534880131e-01
-9.573582005192289301e-01
-1.082541803031927152e+00
-1.150421277870190551e+00
-1.178642580480664392e+00
-2.240551640483321449e-01
-2.197779554233427746e-01
-5.368926039955113083e-01
-7.806224071886385119e-01
-9.477599016856403935e-01
-8.349587171687744558e-01
-1.038514123577624737e+00
-1.176840299137984047e+00
-1.171111111552455064e+00
-1.757239020924323825e-01
-1.190355226019164547e+00
-8.322289955976902576e-02
-7.493813296314311145e-02
-1.273960033926417879e-01
-1.071630981107592362e+00
-1.179715925929485820e+00
-9.477781277935717341e-01
-3.965768961177671414e-01
-2.640081309364177287e-01
-8.885473070258740336e-01
-7.374497438839169305e-01
-8.971661723277071232e-01
-6.527808843646196735e-01
-1.186760425919783479e+00
-9.956791794626038694e-01
-9.458112492284271866e-01
-1.189446530738496044e+00
-1.444574651482977146e-01
-1.185614929092117187e+00
-1.227495252387598157e+00
-5.014293821586761624e-01
-2.567255645873949277e-01
-1.023786946549080312e+00
-1.205654188385232750e+00
-1.828193147404810759e-01
-1.833896741241920481e-01
-1.769604134315159172e-01
-1.210516184364678338e+00
-1.201487427364917870e+00
-1.203368877171305584e+00
-1.361552765904344042e+00
-1.150349876226391288e+00
-7.910652728984128856e-01
-6.455159817414823920e-01
-1.285275901202112436e+00
-1.112623590388102990e+00
-1.369838153058663188e+00
-8.577115287480410188e-01
-1.117534597136545571e+00
-2.198762923566395244e-01
-1.199951945920474827e+00
-1.220145417825551526e+00
-8.773199172515893096e-01
-1.290535766689572483e+00
-1.181435304391198038e+00
-1.325342465500580325e+00
-1.311066027139895063e+00
-3.155946359038352966e-01
-4.433400420297406441e-01
-3.459449535061143166e-01
-6.536733844375701707e-01
-1.226216861349531229e+00
-1.324364903988316300e+00
-1.380509457297740106e+00
-1.161657962904428132e+00
-1.525237403562641703e+00
-1.328527269835467983e+00
-1.050173256138805300e+00
-1.497665693104500040e+00
-1.338826491090003401e+00
-1.204440022021298518e+00
-1.129203183262143639e+00
-1.177038357668788393e+00
-1.375157533446326852e+00
-1.121841075009433197e+00
-1.476245660445419716e+00
-1.580759051127825110e+00
-1.566660137817962095e+00
-1.504519540246111120e+00
-1.587630874011665139e+00
-1.509572990253218450e+00
-1.621982215839671060e+00
-1.521118441296857249e+00
-1.642094524702406133e+00
-1.374389526253798621e+00
-1.320329492655583081e+00
-1.651063168753171606e+00
-1.492085293476701935e+00
-1.409959154954413485e+00
-1.575087778083980261e+00
-1.814893477287841783e+00
-1.382781248004175900e+00
-1.573924110905499774e+00
-4.311578113061838025e-01
-6.703138050797861069e-01
-1.385708338415133412e+00
-1.626142720581265522e+00
-1.657715863315388560e+00
-1.613868661620653455e+00
-1.657327550381887171e+00
-1.440166494480218162e+00
-1.619758367951726008e+00
-1.650901793394587536e+00
-1.562092122493777602e+00
-1.734782311145681710e+00
-1.532407435239292681e+00
-1.826116726367035703e+00
-1.760963281622388799e+00
-1.646553657087497236e+00
-1.611199900443899047e+00
-1.598701085167703706e+00
-1.609277066998765271e+00
-1.663692846169579020e+00
-1.514689911244204268e+00
-1.435431869787862524e+00
-1.232904699729988174e+00
-9.847548406280113298e-01
-1.584728814661502838e+00
-1.478560367011231946e+00
-1.649087679118383498e+00
-1.683805299201048378e+00
-1.660156608305987547e+00
-1.692500068730441676e+00
-1.659468487469712095e+00
-1.644148760152165600e+00
-1.653822074984782731e+00
-1.594403271964983659e+00
-1.581036979687633348e+00
-1.820169702521525323e+00
-2.065626280079595922e+00
-1.810493449465138127e+00
-1.762689303781371120e+00
-2.163935415737796575e+00
-1.999519834737292889e+00
-2.110537780792219209e+00
-1.671274384274147540e+00
-1.652441470313351424e+00
-1.633691298309713602e+00
-1.678661976856528959e+00
-1.693879165410180576e+00
-1.681330766662721743e+00
-1.684686042930115590e+00
-1.680042767623672439e+00
-1.667800829320913003e+00
-1.669263005914399578e+00
-1.743280669485102408e+00
-1.767859457881422180e+00
-1.704526618105592028e+00
-1.702833194949198159e+00
-1.703318892553215669e+00
-1.755979771289275959e+00
-1.750178819010034470e+00
-2.162204018211923540e+00
-2.068134243786334814e+00
-2.197507183015114052e+00
-2.199375513580162256e+00
-1.999258192809065804e+00
-1.982115192117634983e+00
-2.167030533857177588e+00
-2.196650582755682812e+00
-2.201496214029611487e+00
-2.104298780771205468e+00
-1.735590738302562386e+00
-1.779925857915077181e+00
-1.870669494458707227e+00
-2.203363726678071455e+00
-1.882463211362482625e+00
-2.112018791103037252e+00
-1.961961845989571351e+00
