6.963136927806772014e-02
7.946864646510221064e-02
6.115986665245145421e-02
4.941761758527718484e-02
2.933898349874652922e-02
4.404138863319530944e-02
-3.391038837726227662e-02
-5.855373765021795185e-01
-5.992882597201969475e-01
-5.916904403711669147e-01
-6.100203703972510993e-01
-6.189158940775086881e-01
-6.145099328714422882e-01
-6.236321450269315392e-01
-5.579225690918974134e-01
-5.503653497085906343e-01
-5.508187992149032874e-01
-5.487722600460983591e-01
-5.508856536238454504e-01
-5.486885163118131459e-01
-5.512528136023320258e-01
-3.665650180773809552e-01
-3.744731993065215647e-01
-4.025242359959520511e-01
-3.441462062182836235e-01
-3.158167978283017985e-01
-2.892323468578979484e-01
-2.997230565408244840e-01
-2.472981934784911351e-01
1.642408254963811376e-01
1.365445634583011270e-01
1.906976817059330698e-01
2.171425468870438469e-01
2.034213703125715145e-01
2.411555216065607854e-01
3.361324652563780213e-01
2.762675545352976658e-01
7.319263531506293718e-01
7.158369076496455818e-01
7.493928428215440585e-01
7.727789967233548163e-01
7.622241592733188797e-01
7.959515767681295539e-01
8.313768272870220022e-01
8.202577891352120787e-01
8.280945501930545571e-01
8.132501346815842469e-01
8.100364294310565816e-01
8.105918814428150210e-01
8.105819684627931787e-01
8.129815724620129691e-01
8.070159376307856069e-01
6.976661516062448998e-01
7.072257907537277122e-01
6.874376984196715057e-01
6.717920475290156679e-01
6.804240018100244924e-01
6.553570525167742300e-01
5.699771530868019687e-01
6.215413390629691559e-01
-1.669671242649201359e-01
-1.346268823384889346e-01
-1.863672662264434510e-01
-2.004796782814082523e-01
-2.106809293589321785e-01
-2.044721961763570905e-01
-2.309754599496954830e-01
-4.065311277809087187e-01
-4.142835602309787313e-01
-4.089886995468987041e-01
-4.224144898995291220e-01
-4.321274455112870672e-01
-4.271046307927462982e-01
-4.483003933914005423e-01
-5.083035942865535839e-01
-5.059702112645027006e-01
-5.059107623848830837e-01
-5.054606818317551875e-01
-5.059113466908456980e-01
-5.049027557484805362e-01
-5.052792224683798628e-01
-4.055849889758973981e-01
-4.217737942730309109e-01
-4.093971239577512966e-01
-3.954907345469109714e-01
-3.804440166160930059e-01
-3.612619926163461170e-01
-3.691563971573486591e-01
-3.158401739870896341e-01
1.527209885534830391e-01
1.320905625005252548e-01
1.668355625588446856e-01
1.783574150525964741e-01
1.726391702599357758e-01
1.878568880783859640e-01
2.053942601603921392e-01
2.388371778186410554e-01
5.635324240196496470e-01
5.551962576806545036e-01
5.706788147566840275e-01
5.759465163107960750e-01
5.737900020671077295e-01
5.786155878100543992e-01
5.770749783609062655e-01
5.316924785845912327e-01
5.326194157241843641e-01
5.300753855961374272e-01
5.276171009754762053e-01
5.288399984012357447e-01
5.227877628291025536e-01
5.171448491164483130e-01
5.041057082125917077e-01
3.600489539327099697e-01
3.672094640904106089e-01
3.556709615222644061e-01
3.493188204069155867e-01
3.526063399622216821e-01
3.431323300057556591e-01
3.299245972302742302e-01
3.136346707236952747e-01
-3.333690635918173939e-01
-2.778287864523008577e-01
-1.761861604900332168e-01
-6.927064006595173851e-02
1.110524503601482138e-01
-3.045580768361105251e-01
-1.933056226145708767e-01
2.515268338291207217e-01
-3.829140328452922404e-01
-3.452159299078630394e-01
-1.792986332351574619e-01
-9.309046255366411338e-02
-2.152814375935122315e-01
-1.993366566122858619e-01
-2.687074214147287532e-01
2.667631518852431327e-02
-1.920145639232941903e-01
-1.828642268766998147e-01
-1.878590987529605572e-01
-1.587311705327010547e-01
3.125478088710224034e-01
-3.492134400075883605e-01
-3.944139432016527391e-01
-3.907997242145938577e-01
-3.748291457479354105e-01
4.260733051996794529e-01
4.441272405849304161e-01
-4.175160546175902820e-01
-4.163197509187739342e-01
6.630975514941382931e-01
6.627926621673395635e-01
-4.094349225517362467e-01
6.052712620643433405e-01
6.422696403460577130e-01
-4.266087940632132813e-01
-4.191951241053175070e-01
6.783046566619305162e-01
-2.224900743036414552e-01
-2.455036909348564111e-01
-2.039020852287649066e-01
-2.390012143136118483e-01
-1.859811556118074749e-01
-1.347699840349378120e-01
1.756854670980828870e-01
-4.369050026522017793e-01
-4.378739208419574203e-01
6.922064593120011988e-01
6.922630948451115040e-01
6.955967526038875359e-01
5.555953320959815533e-01
6.485427282139425431e-01
-4.019843111193040497e-01
-3.639542197342962027e-01
7.191630340239498764e-01
7.515696006012149155e-01
-4.873287047725170518e-01
-4.726018877467140222e-01
-4.559471814689459168e-01
-4.454543409228790551e-01
6.809865345654543267e-01
6.985914459539344090e-01
-4.309419184690341242e-01
-4.145748602313688025e-01
-1.349582469279994312e-01
-3.107745680463267490e-01
-2.774110569851472863e-01
-3.040324716988834219e-01
8.824668323504737677e-02
1.899452313431538586e-01
4.073366942466236651e-01
7.076061185449361579e-01
7.490252168354345486e-01
6.682457931165117770e-01
6.835514949169009258e-01
-4.044273109204368777e-01
-3.846554964606184179e-01
7.789887385850305934e-01
-5.087418379902374221e-01
-5.026880537392571791e-01
-4.433053612941875721e-01
-2.550994408578844408e-01
-2.168415287029347438e-01
-3.451882404478965466e-02
-5.770653723157010556e-02
-3.322236496926052607e-01
-3.540954514523036445e-01
-3.166391203340026550e-01
5.111069554608548282e-01
3.111933706240961328e-01
5.967091014201286736e-01
5.805321968276985212e-01
7.084587637771618818e-01
7.187485421367455496e-01
-4.324898759485222288e-01
-4.245810527005232649e-01
-4.128417256870307028e-01
-4.740163638198282570e-01
-2.837536894599906878e-01
-1.583345147417276055e-01
-3.826142936304677278e-01
-3.983877888880669738e-01
4.752843424212187529e-01
6.582995060831308143e-01
6.480733165080891922e-01
4.701489289262099081e-01
1.030784882692387244e-01
7.695251236902549419e-01
7.593319379724562390e-01
-5.081894522532820480e-01
-4.995831539214122818e-01
-5.072281743952771205e-01
-5.040550121833803354e-01
7.954779375053476764e-01
-4.543792541051516198e-01
-4.466920705453958362e-01
7.952032698376569897e-01
-4.874488914501853287e-01
-5.064197104016784357e-01
8.067512360808904992e-01
8.070172449108212742e-01
-3.700134846236323716e-01
-3.076245752657996158e-01
-2.408508888140204196e-01
2.590285254700574764e-03
-4.233311399992089608e-01
-4.378252972208429017e-01
5.695907327346503290e-01
7.062014734314289166e-01
7.045796211285050292e-01
5.587157781439600068e-01
3.621724817290669085e-01
2.502730684602283984e-01
2.631399434816557581e-01
3.686139133205870166e-01
-5.051460524453431633e-01
-5.051853770564775914e-01
-5.046682180662173112e-01
8.074147044739220513e-01
8.095818651665467325e-01
-5.046938673272961529e-01
-4.943462253810139151e-01
7.978623810515272918e-01
8.053275082900653858e-01
-5.052583521232009156e-01
8.114537067362107559e-01
-4.101118682330707199e-01
-1.236717964216950266e-01
-5.250698193412972614e-02
-2.515547345828963305e-02
-9.283564779252628796e-02
-4.816592665971256571e-01
-4.586953192425425874e-01
-4.651634265464963391e-01
-4.358597994956653343e-01
6.503056934277992029e-01
7.802747875219210316e-01
7.747137702943290849e-01
1.446903136849868876e-01
4.703259003785205672e-01
-5.035106235241982864e-01
-5.042171147855697422e-01
-5.053715388028648947e-01
8.107661806920077874e-01
-5.044880542176543026e-01
8.154017943539656477e-01
8.173909372184425814e-01
-5.039983766502700302e-01
-4.960173092025797481e-01
8.120431521150749399e-01
8.164082415984011964e-01
8.140579966013319346e-01
-3.391722611559089273e-01
-2.862059581355424487e-01
-2.163270603297860195e-01
-1.671552222178434022e-01
-1.527127205110445918e-01
-4.877603074419312179e-01
-4.717232500144745710e-01
7.241474765818566306e-01
7.964779635658487678e-01
8.064430767903104647e-01
7.343825271644163211e-01
5.877040906489128247e-02
1.626271600864128974e-01
1.571652870828984250e-01
3.625689295266056322e-01
2.572247428499395139e-01
-4.109646280528977402e-01
4.670078049588482494e-01
-5.022364279648172669e-01
-4.929282372446323057e-01
-4.972674711170839146e-01
8.180417082679923846e-01
8.293898677162360178e-01
8.521263351081870274e-01
8.399995752261020243e-01
8.595913079450837602e-01
-4.786302913722465524e-01
-4.975816238656989299e-01
-4.930707318882923129e-01
-4.639197873155353480e-01
-4.601021935581229294e-01
7.767623357009142415e-01
8.349303257331485151e-01
-2.529408866248559207e-01
-2.437050359440036118e-01
-2.784374525654129684e-01
-4.554520077654160559e-01
-4.019264751317677686e-01
-9.128870127751724517e-02
-3.833865549968322739e-01
-3.559749859414296225e-01
-3.858743116637924353e-01
-3.357428244460606837e-01
6.948937084525823316e-02
6.461051645572296609e-01
5.672271821124013069e-01
6.535765245964284542e-01
3.626901545212604105e-01
8.638556343183153574e-01
8.444777382203028093e-01
-4.355494220653781667e-01
-4.585067412466741765e-01
-4.892490565456682483e-01
-4.936979067279025912e-01
-4.455625392438378185e-01
8.411875785182928444e-01
8.172328899905551003e-01
8.218545948358950692e-01
8.630251578579191118e-01
6.653610656736418383e-01
-4.161306349444203190e-01
-2.045332893889280912e-01
-1.843458083749283105e-02
5.444679157517384738e-02
3.812655768706463277e-02
2.409099192183930260e-01
1.281860759016126283e-01
-3.114643471461022162e-01
-3.025020909874001629e-01
-4.498897123259666952e-01
-4.043872642738278733e-01
-3.989861152513185516e-01
7.911016246885992365e-01
7.237156454706564768e-01
-4.447804179566446359e-01
-4.654405202905763650e-01
-4.257636304042534681e-01
8.581955629459115942e-01
8.423423155647469240e-01
8.248794780025491269e-01
8.145604440942406654e-01
-2.102180729823885375e-01
-1.606774973959545494e-01
-2.970083890249952674e-02
-1.172383038021507645e-01
-1.408489922308945042e-01
-2.850360661628655867e-01
-4.202165661554317921e-01
-4.063241939758882038e-01
-3.738598052237648295e-01
-3.645873570843832234e-01
-3.442677541257580520e-01
-3.373668219661339895e-01
1.248632759728934560e-01
3.790715813753194885e-01
5.760073859186377598e-01
5.692705390916671382e-01
-3.790213628351921105e-01
7.704444488306761984e-01
-4.300487805943702946e-01
-3.971147718548309058e-01
8.092646273144055158e-01
-3.316137986490502731e-01
-3.165014397469348983e-01
-3.268749328097328433e-01
-3.178219547378830501e-01
-1.793632841552607604e-01
-2.417872347097727304e-01
-2.712204721596208068e-01
-2.220375334392883648e-01
-2.568700499308760876e-01
8.081658244234858346e-01
7.895195667457300948e-01
7.710684734935057127e-01
-6.509770430275238495e-02
-3.579971098311943711e-01
-3.200332097068894766e-01
2.590358620451297389e-01
4.760887687909416410e-01
4.826032954675610886e-01
-3.887811510212486610e-01
7.853959892643614937e-01
7.742866086409776472e-01
7.582282574381679074e-01
-4.214656357595231162e-01
-3.984765222470741386e-01
-3.882528364556492306e-01
-3.550162678380729409e-01
8.125017759448383003e-01
7.508008205273654090e-01
7.223261781065957177e-01
6.142378419404849188e-01
-3.326306945164105855e-01
-3.550260076881386340e-01
-2.466692941496148594e-01
-2.786081229744013510e-01
-3.095064944849582056e-01
-3.372909552737837768e-01
-3.058017010189360008e-01
-3.687900404969695622e-01
-3.582584705116459989e-01
-3.273955129785462992e-01
1.379974536539521103e-02
1.027649781899526646e-02
5.665147226478438602e-01
4.560210303752683103e-01
-3.863183208595728502e-01
-3.609653729363344610e-01
7.414190365205285405e-01
7.163864948786794473e-01
-3.021519931062357500e-01
-2.861053753586020321e-01
7.358985539845889212e-01
7.790802216273732261e-01
6.739105223648947929e-01
7.371844427398173138e-01
7.295829581591533053e-01
-3.475490070908562878e-01
-3.700525452964938955e-01
-3.438678446545964107e-01
-3.223625973114394583e-01
-3.466819483553990611e-01
6.414458966930396411e-01
5.191208493662997636e-01
-3.176987901533721015e-01
-3.136161636866745539e-01
-3.172039115801453257e-01
-3.149092854699119814e-01
-3.223172918893396632e-01
-3.223938280949368851e-01
-3.358968565065879042e-01
-3.445647484943037964e-01
-2.967865527549292670e-01
-8.093503286072518954e-02
-1.803782409348059501e-01
-1.010574476968031377e-01
2.606581147934775577e-01
1.235323042783420533e-01
3.635167204309254774e-01
3.554300548858009279e-01
7.177512854570522460e-01
-3.094687604578211793e-01
-3.736093771469313762e-01
-3.471788217168068624e-01
-2.402398875070502759e-01
7.223661932424875198e-01
6.701950737406150438e-01
6.916028744919457960e-01
6.490388829668517490e-01
-2.338881721443613060e-01
4.792702748469309659e-01
-2.986463047913275326e-01
-3.173941807821392680e-01
-2.968468128936365136e-01
-2.869634636852424481e-01
-3.075839343509869650e-01
-2.702682632370851934e-01
-3.007147463271394039e-01
-2.294394714524969348e-01
4.363370838167611176e-01
3.207603293296415470e-01
6.981340995349455403e-01
6.881750739557901397e-01
6.974574802588904276e-01
-2.822561847162433080e-01
-9.505217915866523426e-02
-1.674456024746177607e-01
6.213456062920158507e-01
5.350587420252850279e-01
-3.050556084432173298e-01
-2.004245055955834742e-01
-2.791560712314094528e-01
-2.261657871757051796e-01
-1.773380205180728753e-01
-2.829888384381774591e-01
-2.527637364284601174e-01
-2.235627677408046909e-01
-2.666840173071250431e-01
-2.683267170272301549e-01
-2.276274159899912553e-01
-3.457181391670019477e-01
-3.267539840773679427e-01
2.941191317397169880e-01
3.725595221301773452e-01
-3.132112159975804500e-01
-3.645515845098998287e-01
-3.074257359083276131e-01
-3.437679917842615396e-01
-1.898009130614809747e-01
-1.005306102277245400e-01
1.181387097865808644e-01
2.311381605919450299e-01
2.170867724285926725e-01
1.070570030424278229e-01
-2.475745065137743839e-01
-1.637551650695968364e-01
-7.736625580291729698e-02
6.124951388424960674e-01
5.914727472103550321e-01
4.165942512103356088e-01
-1.109597096699872082e-01
6.140474603642359641e-01
4.848808797542005777e-01
-3.678000172818428615e-01
-3.420151442172936762e-01
-2.379857323248870671e-01
-1.994848605128936303e-01
-1.610459723684471156e-01
-1.839543448586482555e-01
-2.527374124503694586e-01
-2.213285003439523224e-01
-2.728866726974956691e-01
3.852851543342694640e-03
1.441859907936304678e-03
9.285960111301391762e-02
5.455004158415249771e-01
9.659227320807985129e-02
1.091466978541575338e-02
-1.190294890548102523e-02
-3.852556975325569649e-02
4.817580394286778422e-01
5.042848473734921066e-01
3.275100500919506663e-01
-1.181465241126716109e-01
-1.548600022564642076e-01
7.681918886373750865e-02
-1.789912411244586055e-01
-1.147382469935109839e-01
-1.339477721921866760e-01
-2.660471596056595556e-01
-2.318125706340651848e-01
-2.961748761765193305e-01
-1.894655435637105090e-01
-1.766364492417778764e-01
-3.806093495732056908e-01
-3.735662207618588582e-01
-3.696136880200356356e-01
1.852842505846638288e-01
3.327090841310564318e-01
2.249606349592795651e-01
-2.649973021616460755e-01
-3.144427870516665058e-01
-1.869276201410684790e-01
-2.785961825517005996e-01
3.302426228765398351e-03
1.362967933528125329e-03
1.249967673327773698e-01
4.368287421501008683e-01
4.378465563815552852e-01
2.874300501833204069e-01
-4.069099396001547159e-02
6.189212782192043960e-02
4.363768414055811951e-01
3.398291023797355703e-01
3.490129693003836686e-01
2.751988790463655854e-01
3.768335732529521920e-01
2.259025491410284192e-01
-1.398172452289145329e-01
-1.123258432606235174e-01
-6.969555838149972538e-02
-1.433459065679926481e-01
-9.008220428950153291e-02
-1.332437545876018758e-01
-1.743362330831587370e-01
-3.542044586531119532e-01
-3.631142830083263218e-01
-1.731195842090528514e-01
-2.212267422757576985e-01
-8.455844428972340843e-02
-8.028550152084790170e-02
1.588981959444936420e-01
1.628678991110064089e-01
1.525343487854115554e-01
3.307809443213045597e-01
2.397321272932458613e-01
2.104552882374264300e-01
9.479064471088349819e-02
5.716238557943142951e-02
1.103701316169463098e-01
1.407749596255598520e-02
-2.750483155221445375e-01
-3.596862886974122042e-01
-6.479238779138540849e-02
-7.312102496798615625e-02
-9.714898280217311444e-02
-4.862393059884197871e-02
-6.596124217612668594e-02
-2.801720532879699022e-01
-8.167507604230194590e-03
-7.945930701680481434e-02
1.569517597148660515e-01
1.850212110439315438e-01
8.559966802858980095e-02
2.287144928297493440e-01
1.726444272673688662e-01
1.449220821785274782e-01
1.788353825162630473e-01
9.486454252037219981e-02
1.538229745987337027e-01
1.781182142032775861e-01
2.818243292538681888e-01
2.139724335749633444e-01
1.472681579471100122e-01
2.204007981112226788e-01
1.627260036359075290e-01
8.271034319477621466e-02
-7.343287143157795072e-04
1.329953726817620918e-01
2.038771835505031049e-01
1.834123577980790176e-01
1.739001782698323950e-01
4.098638129289611243e-02
8.355787671898724789e-02
-2.708400712581351261e-02
3.478447802772279690e-02
-3.998654960305429718e-02
8.282638662785757333e-02
-1.150665151071734657e-02
2.814115706132724881e-02
1.538496769499033551e-02
-1.273217106121592168e-01
-3.044436676078475790e-01
-1.950403997325338423e-01
-1.372659185493830536e-01
-1.292078220576513559e-01
6.066403953591361503e-02
-9.188424568274057569e-02
3.142876658239401877e-02
-5.126311745698330924e-02
7.825722737470641732e-02
1.082977620768360710e-01
1.684100216429214869e-01
1.855767126660793909e-01
2.323476887773722188e-01
1.765589223999995683e-01
1.689573985640890896e-01
1.850095777306705602e-01
1.967615472647594177e-01
1.948006062826607432e-01
-2.509464295377256127e-01
-1.998730116101796739e-01
-2.013463941577356142e-01
4.933570444991346171e-02
1.128821437305305153e-01
1.439944719044433386e-01
4.102613887516781167e-03
6.416178809304255715e-02
-2.734053790918551316e-02
-2.340774402808165067e-01
-2.090731219825101850e-01
-1.502882373184547815e-01
-4.887023968185531114e-02
1.890993562177754883e-01
2.350988844526000210e-01
2.196959561551921070e-01
2.808922897442243660e-01
1.258505026926286519e-01
1.539039955241605509e-03
2.088150040945038199e-01
3.097050969139672483e-01
3.022590168868191651e-01
1.291434569866396487e-01
8.381898351944982312e-03
1.563869789242744446e-02
-1.690583732648519855e-01
-9.642910801630932838e-02
-1.010239187744446133e-02
2.516771448135841638e-01
8.894090736284851473e-02
1.209263770782854353e-01
4.800137490383349359e-02
1.081693835381884045e-01
-2.744550628121942074e-02
2.826912846649065527e-03
5.998194189160130363e-02
-1.990032800997141582e-01
-1.716673838745919056e-01
-1.854225748975295573e-01
-1.659338920377194937e-01
-1.663743620185414163e-01
-1.918826011911733131e-01
-8.507534744967415463e-02
8.157760233152656915e-02
-1.147868745261803186e-01
-8.477792108897119761e-02
3.456786435563117266e-01
3.113945404300466069e-01
5.221495485166087469e-02
-1.403071689710486680e-01
9.571265936829150001e-02
1.983903979416936497e-02
3.934068147791549563e-01
1.057750308886170332e-01
4.203690758440643133e-02
1.316270436218474060e-01
6.715497286641038122e-02
1.181969701254274585e-01
1.683777532605745253e-01
2.248986835533287321e-01
1.921505384874762912e-01
-8.694938092958182096e-03
2.636435267049819231e-02
-1.162558843396254704e-01
-1.809496447996934709e-01
-1.800993047567317207e-01
-1.722844871546840295e-01
-2.143989495139976553e-01
-1.734501036735309754e-01
-2.223999854566500178e-01
-1.057325818139361190e-01
-1.809517068875720613e-01
3.391250700457021372e-01
4.613528459449298680e-01
2.796760215482208545e-01
4.268571456894278415e-01
4.320242135901935510e-01
-3.687186544993892312e-02
-1.089528735377825741e-01
-1.829525414505042136e-01
-6.800867142446805069e-02
-2.370187080698087645e-01
3.604556308477185333e-01
1.642124316247645655e-01
1.761668869236018564e-01
1.993377517996123005e-01
1.366002209193538930e-01
8.286167680635116162e-02
1.141495294170454117e-01
2.029733758536167183e-03
-9.790320667525520548e-02
-1.290935118864581510e-01
-1.383431501541053932e-01
-1.132038792507955721e-01
-2.031469950445170813e-01
-1.575545152001723015e-01
-2.003455821541137993e-01
-2.640498318389291055e-01
-2.642722188917104864e-01
-1.485702649340964743e-01
-2.341723342076875158e-01
-7.159178262809291760e-02
-2.219838191522285342e-01
5.379027529503218608e-01
-2.044596895168069584e-01
4.175544801866635791e-01
5.230866581085137357e-01
5.384131818660534696e-01
2.778619928110856452e-01
3.324137675139354209e-01
2.473061624856199847e-01
1.985592568729771246e-01
2.523172311804955936e-01
2.746741490977001043e-01
2.455570123769575674e-01
1.782468067773152198e-01
5.975178322987630825e-02
1.224718858720734715e-01
6.945059214485808929e-02
8.456516412261406990e-02
-3.187293619557749480e-01
-3.043399687274359056e-01
-4.749341608257964115e-02
-6.453959548962302784e-02
-4.461613428429700434e-02
-1.524190290860133190e-01
-2.001874583736935054e-01
-2.337348463006492238e-01
4.827232290641404466e-01
5.295348832849412490e-01
4.638821029686368558e-01
5.205220850533806010e-01
-1.871693398221395965e-01
-2.760249197948723698e-01
-3.244217372266575694e-01
-2.376587416394613517e-01
5.535767228691838016e-01
4.270130642107687891e-01
2.861299955948197749e-01
3.365047337254509219e-01
2.581852200528373942e-01
1.680726300284731967e-01
1.743756965151987970e-01
2.565495118615217576e-02
7.256284990289714465e-02
1.032259118801448494e-02
1.979516152641735971e-02
-8.395470248797209933e-02
-3.026026582883787341e-01
-3.620213312271516881e-01
-3.626092667283956072e-01
-2.720412471564486734e-01
-2.712553492980077641e-01
-3.003809842164628097e-01
5.660170403192751332e-01
5.603781043086201175e-01
-2.609526655403897055e-01
-2.531458749552257248e-01
5.131765517871826887e-01
4.801764121802989393e-01
-3.556476383702829591e-01
-4.155997037363703961e-01
5.465914793894626200e-01
5.670223730849102139e-01
-2.907654562150128186e-01
-3.272663350682705752e-01
3.629982951184501649e-01
4.036811998696066550e-01
3.242234698293032236e-01
3.269795733140199445e-01
2.979577714431798086e-01
1.938322838803287484e-01
2.278349074709694611e-01
1.963159942184574958e-01
1.386426608485635259e-01
-2.814506051909120288e-01
-1.488518729747738585e-02
-7.690800424315966111e-02
-1.424905733816558551e-01
-2.554633029329124727e-01
5.542750588967464420e-01
5.574670075904577526e-01
-3.065369374584406281e-01
-3.888504090369678812e-01
-3.519713412621058302e-01
-4.102892857161350437e-01
-3.375793138635344581e-01
-4.047687759564723708e-01
5.775101039442233075e-01
5.715886536170727839e-01
5.738964349846354951e-01
-3.308251334354281314e-01
-3.806494570540962519e-01
-4.363477348932064959e-01
3.522620984906097985e-01
3.903711865801596792e-01
-2.960876618191832788e-01
-2.563652556273154914e-01
8.066771301382687220e-02
5.692684806184843405e-01
5.772555743227713032e-01
5.782735454267822206e-01
5.785624134703538646e-01
-3.498474691528826730e-01
-4.242574290256015956e-01
-3.856776101631112508e-01
4.685646525293122866e-01
-4.370753646944649518e-01
4.063516053487546409e-01
3.633701204380486161e-01
2.947417171621054544e-01
-3.608556687890085990e-01
-3.632242906984174402e-01
-4.205421673046657594e-01
2.319261782904504798e-01
1.867937111965147778e-01
-1.991419891681289189e-01
1.283574043773114681e-01
-8.707238972419872880e-03
-5.646635151060763747e-02
-1.297741434682393447e-01
-1.235597695791511713e-01
5.706154163461177875e-01
5.755869145388714525e-01
5.378603979363105747e-01
5.650064828339963485e-01
-4.213678610161877836e-01
-5.069558020681143029e-01
-4.598893649876117373e-01
4.506746090773958713e-01
4.399180049076676369e-01
4.836462429491802939e-01
-4.575787707581184804e-01
-4.471712499973364285e-01
-4.950858379947021271e-01
3.841386686952318885e-01
-4.384597200318239296e-01
-3.249332968043745495e-01
-3.785767903056694306e-01
-4.134765595081262290e-01
1.430909652641275953e-01
1.164833692964748479e-01
5.045213827252154754e-02
3.237215945584466792e-01
2.625073679242632130e-01
-1.948428344330750406e-01
-2.569091370372916239e-01
-1.856854639132507201e-01
-2.491634762307512463e-01
5.555872300523333474e-01
5.130008962587453425e-01
4.994238580868113342e-01
5.339298615697770645e-01
4.225565754342824332e-01
4.104602421924937183e-01
-4.804091007099486887e-01
-5.519947458989917788e-01
-5.340845773927866968e-01
-4.899615253438241447e-01
-4.826651081792078801e-01
-4.332883313996717112e-01
-4.900160624412819299e-01
5.728411299060098827e-01
5.563992008334025519e-01
3.516138956387294123e-01
-3.181179107981733645e-01
-3.102639724005711863e-01
2.498821819463046268e-01
2.118877479369984940e-01
2.757245306944241525e-01
2.504281082525267044e-01
6.336112723656696366e-02
-4.161253759375540401e-02
-9.582473603513790017e-02
-1.601377063961990643e-01
5.247235454851760794e-01
4.794908420532010274e-01
-5.292215593799483031e-01
-5.202796980505809410e-01
-5.523142857709899545e-01
-5.469303395133465751e-01
3.831306832580594346e-01
3.669440804369514808e-01
3.931605777761433274e-01
-4.907070407120044941e-01
-4.952553868875838594e-01
-5.370056251937057601e-01
-3.678988960396963881e-01
-4.680191401275806129e-01
3.072525038631283567e-01
3.133739168755709792e-01
2.804088388482341432e-01
1.857951834361301624e-01
2.143185534005169757e-01
1.413454566645668820e-01
1.795461896326742135e-01
-2.165164052086765711e-01
-2.787711158132878952e-01
-5.211941787041723950e-01
5.386032813694328070e-01
5.446034693391993420e-01
2.155091794556937904e-02
4.928250643133651188e-02
5.134474398801103017e-04
5.417255668784491940e-01
5.339411633089184983e-01
5.301385225262492673e-01
-5.492837750818579945e-01
-5.458301733364351316e-01
-5.512805871432646665e-01
5.111040431424044295e-01
4.491745849256403855e-01
5.050641066161914994e-01
4.389999594830442109e-01
-5.347155772091355397e-01
-5.632239668222609463e-01
-4.908480807440355198e-01
-4.640143286262172762e-01
3.341487004130612726e-01
3.412485761102289072e-01
2.163272405363386441e-01
5.213707653572782208e-01
5.265717042144387738e-01
5.266002053045667486e-01
-5.545489654701668547e-01
-5.521580633358098567e-01
1.028730082965921555e-01
1.366031222627498154e-01
9.494965460908133537e-02
-5.739600462693487948e-02
-1.075740035623311969e-01
5.306470057927071826e-01
5.302541410317643811e-01
-5.506229671533219294e-01
5.271453015971928613e-01
-5.520177552709355506e-01
-5.521105488762259039e-01
-5.494282674975693448e-01
4.782102087861858086e-01
4.745001235103700199e-01
3.779952931625302770e-01
-5.342565967293921858e-01
-5.451935447228606346e-01
-5.808592902787494960e-01
-5.937119133363012446e-01
2.527481718803755717e-01
-4.222839327863766590e-01
1.376509311696281490e-01
-1.673547490965574813e-01
-3.443922093181754351e-01
5.283399838604964094e-01
-5.502120974706485868e-01
5.202633063658140822e-01
4.958960849326103926e-01
-5.786138822499197198e-01
-5.573369881545658933e-01
4.228754110954469070e-02
-5.558455856807995726e-02
-5.486222026403992924e-01
-5.498036701348609778e-01
-5.491378152044489314e-01
5.255961821414529833e-01
5.251112427678890082e-01
4.007831432274542860e-01
3.799747538985684403e-01
3.222253275511320347e-01
-5.161140410316874538e-01
-5.458114694862160610e-01
-5.706112809682962750e-01
1.832811309141106904e-01
2.316496436018496696e-01
-4.028739153669448347e-01
-4.698960647801868618e-01
-5.529143257532268541e-01
5.180479030706919286e-01
5.108507192926481366e-01
-6.058229531685356273e-01
4.720755063579417654e-01
-5.982414770638569967e-01
-6.149992282240418495e-01
4.758917457307688670e-01
-5.617065052909310241e-01
-5.753588827676139328e-01
-5.682771721389144881e-01
-5.986660793249029000e-01
4.391931481892242806e-01
4.437474605336319544e-01
3.513111850828863347e-01
2.903356291295494662e-01
3.430246333067770714e-01
2.708714335807598794e-01
-5.176843465334968197e-01
-5.237938990263500960e-01
1.013128830789355589e-01
-2.308495862162089907e-01
-3.017947426109457987e-01
2.740912896115332842e-05
-1.042479880037717466e-01
-6.198196312878280212e-01
-5.778490033015258875e-01
-6.037144692381843925e-01
-6.151575729134491910e-01
3.834568131132982671e-01
3.684742865036241821e-01
3.135586049873381742e-01
3.126562713179737441e-01
2.055202413175720721e-01
2.883249924285337107e-01
-3.841789581005286558e-01
-4.523208883787446788e-01
-4.049274154138401971e-01
-6.187425149691989645e-01
4.729599968413822353e-02
1.429934836341999367e-02
6.342518900055438280e-02
-1.688938547318684924e-01
-2.374606509692966938e-01
-5.822293739242013766e-01
-5.973395519773475604e-01
4.426865537418052665e-01
-5.353130735478771607e-01
-5.790719698648899572e-01
3.560343324614222982e-01
3.474460307916160673e-01
4.080775288457516581e-01
3.674239328596740628e-01
2.445052146271336768e-01
1.489218488044571076e-01
1.183833848219364854e-01
-3.189327693500672578e-01
-2.278191101853735689e-01
-3.273217588750412799e-01
-5.953634019053424264e-01
-6.163387919194064368e-01
-4.778977918031159650e-02
3.618577275483403355e-01
3.525861769274342694e-01
-6.235594091151142049e-01
-6.273308524454478396e-01
-6.241168451495467950e-01
-6.174808879382908122e-01
3.768046014360151852e-01
4.108436913869809026e-01
-4.761962648655753139e-01
-5.752251807862194255e-01
3.393185149587225058e-01
3.045006913016550243e-01
3.579024520120583364e-01
3.596903066674713156e-01
3.577554894669446872e-01
-6.214844846923369692e-01
-6.215722672030096208e-01
1.691084127814974636e-01
5.602191640064119876e-02
-7.267255125625524115e-02
-1.580010793200926911e-01
2.888960735290311069e-02
-1.053923976898658993e-01
-1.776725466479547183e-02
3.516399078711401338e-01
-6.053680193799664266e-01
-6.138671447246452084e-01
3.375611577183008083e-01
3.245225850027054215e-01
-5.910002796372282319e-01
3.456654026638716348e-01
3.454890149238053487e-01
-6.048724547828896458e-01
-6.023655570097616874e-01
2.676633568480610847e-01
2.622228972148150095e-01
-5.596113925217650609e-01
-5.097901953769905514e-01
-5.470195336609321446e-01
-4.268077203741995618e-01
2.154605094110593200e-01
6.708457603817805093e-02
1.267235488048754598e-02
6.067301430157385350e-02
5.414735904196277261e-02
1.244821118598338217e-01
-1.592022598983021398e-01
1.325826583779416909e-02
4.709615316241979460e-02
6.489420405705459416e-02
9.014461918850429079e-02
-5.200588211220746881e-01
-4.124659086650353523e-01
2.041271322348620632e-01
5.500473221763968468e-02
-2.794418201461666973e-01
1.013886405620723907e-01
1.585542667249683346e-01
