4.676816922469019033e+00 1.501528768770814606e-02 4.657269307577255546e+00
4.756148525604491084e+00 -3.573907686525876898e-02 4.445219332508537846e+00
4.701837446164622847e+00 1.459938449334101732e-02 4.597634890356832038e+00
4.601839438730725540e+00 7.920173231739657815e-03 4.514291356535767186e+00
4.613339690866248510e+00 -3.701439090948488702e-03 4.492261910730801056e+00
4.728001678555927789e+00 2.589720250312224289e-02 4.489968554518515731e+00
4.749461605352051308e+00 -2.319060571921109995e-02 4.530839707882319267e+00
4.690301552230651261e+00 1.304243133577327567e-02 4.580199088785605888e+00
4.747746694026798941e+00 -1.713941860395800168e-02 4.378694722297550079e+00
4.752318383533798318e+00 -2.604871094453616032e-02 4.401534342698236735e+00
4.700919357815016575e+00 1.741381139990519356e-02 4.618720359550769317e+00
4.712726284774020336e+00 -3.118532368453319752e-03 4.584103034219080719e+00
4.724384134350525954e+00 2.676643577645683447e-02 4.475452583963893893e+00
4.664995456908743066e+00 8.143666633754431672e-03 4.652444895096699007e+00
4.684930107834219370e+00 1.745551819635409244e-02 4.643045313730893575e+00
4.750460740202138155e+00 -2.453828537312525981e-02 4.528329470777985755e+00
4.753803133991519658e+00 -3.490352703496114872e-02 4.440029133117156412e+00
4.668490168294546550e+00 8.287120308461926391e-03 4.662861173704468953e+00
4.728374898474887900e+00 -3.069475749900796302e-03 4.557590984611276319e+00
4.669060968073210915e+00 9.238767589159469634e-03 4.661632072340956334e+00
4.592025741084284185e+00 -3.377907934509316590e-03 4.474999832273291567e+00
4.678384813130047171e+00 1.620935902798308417e-02 4.636362327650445536e+00
4.680241352151245593e+00 -1.237752765654880419e-02 4.655238315525188852e+00
4.722976455123642836e+00 8.290719168440841350e-03 4.554046430710222637e+00
4.689365700347585708e+00 -1.644209047832485837e-02 4.646283863607324705e+00
4.679219361665452936e+00 -1.277917095780047897e-02 4.648560714273904715e+00
4.676350873565564115e+00 1.468555708182774956e-02 4.656037505169322799e+00
4.706416794228849731e+00 -5.189671330420342864e-03 4.586546402269941147e+00
4.732621471332711494e+00 2.794478957892261584e-02 4.432361678939988892e+00
4.715427601420460135e+00 2.470162330600009920e-02 4.412977343768056393e+00
4.745716341803021265e+00 -1.246436023012487126e-02 4.369830226971932241e+00
4.714716685826084941e+00 -3.095839481925821701e-03 4.586017539896487527e+00
4.739552147107474411e+00 -1.351140707749962783e-02 4.543519439246562541e+00
4.757847190664826087e+00 3.184271002895667016e-03 4.374963859726366699e+00
4.697276325767782978e+00 -1.571976026509673899e-02 4.632123357978237266e+00
4.583817187937763826e+00 6.088614809111936310e-03 4.480736524542203725e+00
4.691600627044959282e+00 -1.671360899729727040e-02 4.641990752121508024e+00
4.702752611171410635e+00 -1.435249379725513953e-02 4.626667447361594299e+00
4.758555228125223024e+00 -2.779362983867934844e-02 4.409610805043095105e+00
4.715396599495861096e+00 1.034799179958803030e-02 4.586758737878008141e+00
4.670339873464946834e+00 -4.536458549980526556e-03 4.660916845350961069e+00
4.722322123305237263e+00 -1.229237305407009442e-02 4.523931052945292741e+00
4.720536666582392904e+00 5.168431790837236216e-03 4.561799173163450405e+00
4.756258142905744002e+00 -1.802657224850268136e-02 4.385639004572170485e+00
4.700805656863387583e+00 1.788096210569916841e-02 4.622802307123265564e+00
4.748519442650827038e+00 -3.096488370126089518e-02 4.418263196391071901e+00
4.687673038206893850e+00 -1.509964170110687093e-02 4.629554326195323810e+00
4.744843432724310084e+00 -2.727405525451263163e-02 4.402016851604839687e+00
4.668497516564911187e+00 -2.388694824629045404e-03 4.660891893756597071e+00
4.767594078579139527e+00 -2.493248042572191597e-02 4.407521705911255694e+00
4.763185363511618142e+00 -1.569528557421913037e-02 4.385598129845505788e+00
4.671136294417456369e+00 -6.081494125396869760e-03 4.659068570218225069e+00
4.666725671936450937e+00 -9.658567048259847571e-04 4.658725438477210545e+00
4.668431995977940119e+00 -1.735749025081645500e-03 4.662640831874896641e+00
4.749697261467421328e+00 1.325702636493053532e-02 4.385117334875433315e+00
4.715556194109520760e+00 -4.970957463000136300e-03 4.594218436150632634e+00
4.698756996863935775e+00 9.040711304568826642e-03 4.566863681354440985e+00
4.654967914484196001e+00 6.996401323292378294e-03 4.632661055974017117e+00
4.471348841614017466e+00 8.153433886634786285e-03 4.275183923100912331e+00
4.765443094908517807e+00 1.544516666333697365e-02 4.399390615679259930e+00
4.753030137042639325e+00 -3.302346786942463031e-02 4.428368745702847775e+00
4.742115859242836073e+00 -1.702159236137861312e-02 4.537267953490821348e+00
4.708296552271561630e+00 -6.677264913926528669e-03 4.594362155622629729e+00
4.669363496864786356e+00 9.534441009738615566e-03 4.663196281572529855e+00
4.725061052801741823e+00 2.849909224476818853e-02 4.448613730783760545e+00
4.672444843471016185e+00 1.297325817473895561e-02 4.660892089547232331e+00
4.697652331388884051e+00 1.754849290787591221e-02 4.620565758980389681e+00
4.669442258522436440e+00 -2.484694198533787899e-03 4.664333883353728005e+00
4.763309621193434928e+00 3.233944727902482528e-03 4.379076856907747839e+00
4.767632197851240150e+00 -2.667724986215924687e-02 4.410861889040913475e+00
4.666541548199456102e+00 5.650022280386313329e-03 4.659049793905984060e+00
4.750656341339301036e+00 -3.508839126322571556e-02 4.444468005999492988e+00
4.701332252597197225e+00 -1.560643576030522686e-02 4.632511655080829627e+00
4.764417756913869262e+00 2.199624418757917255e-02 4.414250519230258796e+00
4.718105519786623070e+00 9.006770895072513383e-03 4.583895373106869009e+00
4.702768148322039821e+00 1.778889106630943129e-02 4.621523262169835000e+00
4.714516795624741796e+00 1.003192162676542869e-02 4.585008411280823815e+00
4.725084072564471604e+00 8.359033568418673329e-03 4.556308307089456555e+00
4.745675610544763501e+00 -2.593170498056078868e-02 4.511441874069635816e+00
4.768039257517920682e+00 -5.172384008910136007e-03 4.374855236493798039e+00
4.709750695772072504e+00 1.005207884867775903e-02 4.581126113094744490e+00
4.712443888076586873e+00 -8.524033459559100280e-04 4.574879578105687905e+00
4.771920043294020530e+00 1.512690509161567290e-02 4.402565354455238555e+00
4.733680554516558558e+00 -2.161049799872452257e-02 4.507771248176474899e+00
4.751974257596047302e+00 3.459478982899057836e-02 4.470308970958001282e+00
4.734632918185663009e+00 1.730440002422207676e-02 4.540299373539794736e+00
4.721376912086070021e+00 2.126769690662566777e-03 4.573451950062945137e+00
4.711950263560640728e+00 -1.130758269166305501e-02 4.616363492315295858e+00
4.692684864039749826e+00 -1.883247024208132420e-02 4.647941043295992003e+00
4.676295535361660427e+00 -9.825474708223770268e-03 4.663249935483013253e+00
4.673789900017361276e+00 1.437011322106176471e-02 4.661139271810345264e+00
4.665339638162556923e+00 3.096234698959765726e-03 4.665844313489571960e+00
4.725665521831436067e+00 2.143807033441458548e-03 4.568383336353575963e+00
4.710793533505134967e+00 1.585540585204299122e-02 4.605127053966995732e+00
4.693836678279190266e+00 1.982781776421944919e-02 4.642263165172719752e+00
4.736937334484371931e+00 -1.316080826342629420e-02 4.540919656733025001e+00
4.767925644453521627e+00 -7.286183038429250997e-03 4.374875285412231918e+00
4.694962917251897849e+00 -1.533101311722191544e-02 4.629773396855969558e+00
4.771606839152814139e+00 1.304791543901551165e-02 4.399422910726975999e+00
4.752880064865312448e+00 3.451712098620784985e-02 4.466055301854193083e+00
4.735362522557860387e+00 1.877215925701831989e-02 4.537268881285156041e+00
4.721935234689123462e+00 2.796320703206589889e-03 4.571761169795914626e+00
4.712690610810630787e+00 -1.065187661643189967e-02 4.613995470475842353e+00
4.693787457863320078e+00 -1.887042051260240383e-02 4.646378135271286958e+00
4.677152282633236346e+00 -1.039944277927502651e-02 4.662763542840706599e+00
4.672881742401379768e+00 1.386007646333107385e-02 4.661768949586375221e+00
4.665483563962935065e+00 2.438847147023626410e-03 4.665856575751738511e+00
4.724405735145903229e+00 3.535361273238457787e-03 4.570980470718856381e+00
4.709825267350165490e+00 1.628955477158959900e-02 4.607544412867785155e+00
4.692683975897529614e+00 1.969440633006502850e-02 4.643923671047020640e+00
4.760199739853709922e+00 -3.742439257178477308e-02 4.463273858589525744e+00
4.760515779996626229e+00 -6.925512700571179181e-03 4.371205429130090359e+00
4.686027079302862219e+00 -1.526709409819133716e-02 4.653423887328806963e+00
4.741491773697907419e+00 -2.074023330492451647e-02 4.524654558678580685e+00
4.672449468193285327e+00 1.321924553956002092e-02 4.661572474588773218e+00
4.667960948223973006e+00 7.719627195500056854e-03 4.661252373835351293e+00
4.667024969761373931e+00 7.429695203555120725e-03 4.658100979097018701e+00
4.692619429383291241e+00 -1.621317608218098005e-02 4.636618276726448329e+00
4.618911623311119818e+00 -5.738640608716405987e-03 4.409558121369137496e+00
4.679320943929160315e+00 1.585132194184435406e-02 4.655288758172506647e+00
4.701953955721466016e+00 -1.341131666783925737e-02 4.492857509298259444e+00
4.750530519102357019e+00 -8.490235530833167843e-03 4.367552025110645886e+00
4.723393081517000880e+00 -9.327333525606551490e-03 4.534373922787250599e+00
4.740080706773923680e+00 -3.272280028904894777e-02 4.430937538150394595e+00
4.668838559521401699e+00 -1.033033225484665356e-02 4.636360179385315305e+00
4.733262315364315853e+00 2.265363410692498164e-02 4.517756856402263210e+00
4.760378002707253309e+00 -3.564357862533029664e-02 4.443736846539614760e+00
4.697198808546986015e+00 1.705478402632111881e-02 4.615501996502911375e+00
4.682637826440615214e+00 -1.357432775230094091e-02 4.654442994837305392e+00
4.673555865540977905e+00 1.364931678666110419e-02 4.659923203444973794e+00
4.766150948352530392e+00 8.181164054813639189e-03 4.387921899441849405e+00
4.737381745580830916e+00 -2.998100058574142482e-02 4.411342594799193328e+00
4.700741419408064559e+00 -1.424017713958343305e-02 4.625146495944161273e+00
4.731186732273530815e+00 2.946714673576518451e-02 4.463858442894601986e+00
4.654786946812852655e+00 -2.542304364383652163e-03 4.632949580122136091e+00
4.758189198519169771e+00 -5.089844920880360300e-03 4.369673748046082551e+00
4.671300585528532778e+00 1.544487164335071189e-02 4.617418915723929373e+00
4.735162627547160774e+00 2.748697118301710735e-02 4.493318162253156167e+00
4.746033030310680800e+00 -2.384190963632724231e-02 4.521532005302123736e+00
4.761532480199054618e+00 -1.073480284335444172e-02 4.375703535838580294e+00
4.669244424943112648e+00 -6.050860520364987130e-03 4.654803821940170394e+00
4.763185925201811166e+00 -2.031187590168075444e-02 4.395065966646568789e+00
4.674819124314740115e+00 1.355133371973340529e-02 4.574676972389454477e+00
4.723400286419506600e+00 3.789885015344563075e-03 4.570959711471275888e+00
4.741095999344819845e+00 1.390925722712461725e-02 4.381668883175084517e+00
4.759043204013316597e+00 2.088383915702936300e-02 4.409226101896202898e+00
4.748696202618471141e+00 -2.719816976259044339e-02 4.511680388714888856e+00
4.714274120833928272e+00 2.626890787578171210e-02 4.452877526772501149e+00
4.751894178858889539e+00 -3.344601447590932197e-02 4.479988260783201781e+00
4.693588472868762906e+00 1.708876121520854288e-02 4.615581751751077988e+00
4.736750765071721325e+00 2.640731829401539443e-02 4.503671526737562658e+00
4.697903852961964333e+00 -7.438433196355998672e-03 4.588212546652195023e+00
4.765830681672517777e+00 1.782992488712551588e-02 4.404362362330312308e+00
4.688251052854516487e+00 2.244134202151881752e-02 4.401783685012958358e+00
4.741186452305109711e+00 -2.545954452624821229e-02 4.504063586969354382e+00
4.760256389409613043e+00 -3.738269934641425679e-02 4.464655013367155867e+00
4.700032965659172390e+00 -2.143768416132485477e-02 4.455488311099733423e+00
4.667740971287068774e+00 -7.843049533390678354e-03 4.645428274297413118e+00
4.683630072705081915e+00 -1.335584022810132332e-02 4.612049577033097592e+00
4.711477209213199124e+00 -1.885537894856201963e-02 4.485057369891603862e+00
4.723146764975794554e+00 -3.085252558355768004e-02 4.425891798419655743e+00
4.739963280957319114e+00 2.344949760784320776e-03 4.361012047439493777e+00
4.687435432793774837e+00 1.796548822765800177e-02 4.641578719404356512e+00
4.719369319653100803e+00 -1.945131423506296772e-03 4.551019035077811914e+00
4.748570038900166601e+00 -3.125849348715895731e-02 4.487728957183118261e+00
4.766917569868516225e+00 -2.619902618025835711e-02 4.409547555575474398e+00
4.736478968621155694e+00 -1.886444419104145453e-02 4.522528121517497723e+00
4.757289950466249806e+00 -3.573695969944103851e-02 4.474161143272251451e+00
4.733467230902887124e+00 -6.925132523561661549e-03 4.553495320563368587e+00
4.671177468167305058e+00 1.521897235307184161e-02 4.595326912640448569e+00
4.666057399192844457e+00 4.006129473899023088e-03 4.658827330799873323e+00
4.710719823505775672e+00 -5.703075026896176417e-03 4.530172810128029859e+00
4.757084699920794080e+00 -8.762752133459629153e-03 4.371030177553658191e+00
4.687111648985132994e+00 -1.581006342564260023e-02 4.651412355502742457e+00
4.659968518658852865e+00 -5.676675295686540307e-03 4.636718183137505278e+00
4.703455283296142930e+00 -1.263198412982089597e-02 4.617956212129891824e+00
4.679916812119410352e+00 1.653880733397561364e-02 4.616705031388839586e+00
4.460993010552518179e+00 9.026809238215128400e-03 4.264307634024595117e+00
4.723203977829291134e+00 -2.825303220171817772e-02 4.457785338767402017e+00
4.674596173619589123e+00 1.414927834036845515e-02 4.651137743248965783e+00
4.742189737225458224e+00 3.119992925122536814e-02 4.480584538619117652e+00
4.748280435176204684e+00 -2.432192486364139969e-02 4.524303020239740292e+00
4.564973348980732482e+00 -8.636132929145112769e-04 4.433341857027407684e+00
4.730795551484566097e+00 2.970733710970616809e-02 4.454444099638706689e+00
4.672540519039785067e+00 1.281254166905947470e-02 4.657658319866505359e+00
4.679121400975255973e+00 2.112610534848644722e-02 4.433049529033970870e+00
4.677989379293165051e+00 1.523262759751862344e-02 4.653527836496666126e+00
4.770966598113864698e+00 1.262945738584537840e-02 4.398257814974441793e+00
4.756021365308290783e+00 1.941121008293240913e-02 4.403849458196785527e+00
4.672700354887317609e+00 1.366728774462160415e-02 4.661848189074306426e+00
4.739840591168702488e+00 1.890027012422619557e-02 4.395525593307199053e+00
4.744821111220026033e+00 -3.151852627857755496e-02 4.478322468065133677e+00
4.724140507399888556e+00 3.735006010118091611e-03 4.571339113584709679e+00
4.765341221395502203e+00 -2.708872524986096972e-02 4.410854079109806314e+00
4.655618376210711062e+00 1.099660283938508473e-03 4.636770930750854447e+00
4.764351755077195882e+00 5.416871682967450141e-03 4.382548917798011701e+00
4.760245051671512684e+00 -1.521315350502812185e-02 4.382662518592609580e+00
4.647385113114224531e+00 3.806995368013987857e-03 4.620877300389696352e+00
4.758528273887384863e+00 2.801942434001185658e-02 4.434318058770631232e+00
4.746758774836803418e+00 2.114811952414337448e-02 4.405645322673828801e+00
4.683118639947264406e+00 1.574359217933896105e-02 4.599511897698826957e+00
4.690657201834681267e+00 -1.133228075229850834e-02 4.601612602193159596e+00
4.699133254317338526e+00 -1.016825922356723311e-02 4.602272885917795264e+00
4.739652142707887705e+00 2.702011941654589716e-02 4.504842514438787582e+00
4.679789117053531733e+00 -1.417227785943166521e-02 4.631438473134497080e+00
4.743602973108388632e+00 -5.540174368701578089e-03 4.361144833166440193e+00
4.755910132980231353e+00 -3.611106603243720986e-02 4.467391305688542147e+00
4.658733188813456216e+00 -1.006677289061231988e-02 4.613542381210720578e+00
4.671361920068118678e+00 1.426689890692935982e-02 4.638123459675270510e+00
4.721665089975385143e+00 2.061923596808679093e-03 4.347489580127801290e+00
4.763085177135336856e+00 -2.159393387968164962e-02 4.397653295256595207e+00
4.707235552872797157e+00 -1.270730401739328516e-03 4.571329308903625765e+00
4.728667176882837886e+00 2.174178444354708806e-02 4.514454777524281148e+00
4.683512003330648987e+00 -1.467756914008420954e-02 4.644628307738453366e+00
4.717293274231707301e+00 4.649789161119422150e-03 4.559858228103978561e+00
4.699279957530324126e+00 2.435037979581049575e-02 4.435845278359082045e+00
4.730531290122335975e+00 -7.356057456088915814e-03 4.548597401519863581e+00
4.692513714388615753e+00 -1.323088588452763295e-02 4.614682797585606622e+00
4.758277035018009471e+00 -3.602551402057290603e-02 4.473808062557817600e+00
4.750759063750900069e+00 1.041397979884788397e-02 4.380045176258885675e+00
4.682434126589726020e+00 -2.158902472468682537e-03 4.508425755300745408e+00
4.717657249125425167e+00 1.978398932153706616e-02 4.388340370886950836e+00
4.718623384726137182e+00 4.378934819556157439e-03 4.569094507703799657e+00
4.682058049133479116e+00 1.007730095411574212e-02 4.556319285447742118e+00
4.701073194566310676e+00 6.605333668822055589e-03 4.534666919353717240e+00
4.644514487028719607e+00 -5.906530300236245701e-03 4.605555078719945961e+00
4.661298067156280922e+00 1.240160154266813954e-02 4.626222564100716639e+00
4.577515791656471933e+00 4.636835325623822786e-03 4.482670366167288201e+00
4.493849141371928368e+00 6.703994923200707300e-03 4.299061619816955115e+00
4.654916862137197242e+00 1.332023627922138825e-02 4.597839505113147318e+00
4.661822964191535412e+00 -3.879360214729477355e-03 4.644448912138310348e+00
4.714545468393498417e+00 -5.058600810976799506e-03 4.593533771630537110e+00
4.688879398204702120e+00 1.148832736048954750e-02 4.502176700723875769e+00
4.747413485846727177e+00 -2.186307841234405233e-02 4.531391698935380852e+00
4.696264294342469725e+00 4.913745002029568099e-03 4.548431771335295970e+00
4.653603868847637770e+00 1.766445699556900076e-02 4.361082624749851533e+00
4.686248818084488121e+00 1.502487818503013377e-02 4.354580805795748688e+00
4.730928410123966366e+00 2.882428057426889012e-02 4.440689957989739867e+00
4.724054272610120009e+00 9.815351443150356625e-03 4.360987809440175056e+00
4.723231878881221313e+00 3.391649226229720773e-03 4.569803500878961700e+00
4.745727976910490753e+00 3.217381947314659069e-02 4.481484001144700358e+00
4.672005490604325573e+00 -7.961309575081898515e-03 4.655057282411792841e+00
4.761710456531698554e+00 -3.355193328678101466e-02 4.432388626157722555e+00
4.699968964814306815e+00 4.255649624161251133e-04 4.557204691661160822e+00
4.754646798415398834e+00 2.640710076975896423e-02 4.426919638868153761e+00
4.756600878240913488e+00 -3.664014359395861148e-02 4.455146739322144889e+00
4.726178792846157606e+00 -8.780020399985488666e-04 4.560998756533734877e+00
4.699983429819786451e+00 9.480864200075878045e-03 4.522935026181817975e+00
4.639265361848626590e+00 1.733083907655470421e-02 4.387570201192641406e+00
4.717466283954823147e+00 -2.197626189421342160e-03 4.585419064298630332e+00
4.669688633459136540e+00 -9.001449206817292367e-03 4.466415121070813399e+00
4.668990024166867592e+00 -2.067343121770637542e-03 4.663975285706322360e+00
4.683444698458721689e+00 1.740316455915009997e-02 4.468216750668876358e+00
4.651841120508022343e+00 1.325383329824544355e-02 4.571335278191907214e+00
4.723984059774013033e+00 -2.018941488281456292e-03 4.555762429273475078e+00
4.758656620480157251e+00 2.320948835646072933e-02 4.416004855999488221e+00
4.602592220109318788e+00 -7.073806606813404403e-03 4.374355784895348265e+00
4.681238105834138352e+00 -5.501841741408686551e-03 4.563671483323248346e+00
4.721474368680024902e+00 2.624724275791212938e-03 4.571795360175903156e+00
4.700948380069472243e+00 1.632757122537433978e-02 4.610076773452646215e+00
4.665234243296374927e+00 -1.728621518614747998e-03 4.654089698455344148e+00
4.693437267593024487e+00 -1.882923599439021572e-02 4.646731984164584439e+00
4.700434797450120605e+00 -1.560707335314583978e-02 4.632165733292426424e+00
4.760315272466067782e+00 -2.714547539957657026e-03 4.371726952804255717e+00
4.752008898487211752e+00 3.446149406881433841e-02 4.466712871844626953e+00
4.671005835832384712e+00 1.158041315783986391e-02 4.659187334757965537e+00
4.752751308179175460e+00 -3.120640154564473592e-02 4.496605920293974101e+00
4.766543256628671621e+00 -6.809180431975203618e-03 4.373930127890284680e+00
4.756733212217706175e+00 -3.642145266052081859e-02 4.451184177215242066e+00
4.763612250744661658e+00 2.395626746245645144e-02 4.420486674624934054e+00
4.712365104527206583e+00 -1.082776286637763402e-02 4.614501851105304198e+00
4.676958429857880795e+00 -1.026011633705850058e-02 4.662747084664529140e+00
4.728952818314788864e+00 -3.782872579660612536e-03 4.351130962879960151e+00
4.710002872446327871e+00 1.613769081483451551e-02 4.606688988918338445e+00
4.692972270777355348e+00 1.971707915545781870e-02 4.643355269495494930e+00
4.734627235283896951e+00 1.833062066480333277e-02 4.537589962538317145e+00
4.665514647429366057e+00 2.547416649238165662e-03 4.665769818091319188e+00
4.693892478411593849e+00 -1.848498566955725231e-02 4.645345267347371632e+00
4.664168623450043683e+00 -1.172455027978497322e-02 4.610427937747079596e+00
4.685952964649480634e+00 -1.535559042562071978e-02 4.647430340380827474e+00
4.751097054220208449e+00 3.404282862434278301e-02 4.463199724106861055e+00
4.707974210669431336e+00 1.416581483572692049e-02 4.598403770845107097e+00
4.709353144697733029e+00 1.142615681506544724e-02 4.586580941366794839e+00
4.635289123063666139e+00 -2.027684600640134067e-03 4.597841706951368401e+00
4.712277778227517366e+00 -1.031228244128321730e-02 4.612343569501532237e+00
4.755651103601453933e+00 2.467978387437064214e-04 4.370542672195654177e+00
4.643953467614829300e+00 -7.947269451306386220e-03 4.594428943675317178e+00
4.758648894894260906e+00 -3.710277426176891019e-02 4.462673648415163008e+00
4.650899770772440434e+00 1.193909824131540558e-02 4.603298556198508251e+00
4.727217445159990206e+00 7.096847219013469564e-03 4.357841386837715270e+00
4.750569092445100949e+00 -2.476773910457326366e-02 4.527850871569347291e+00
4.692063896118336075e+00 1.943641750237867782e-02 4.643738396937209245e+00
4.677583141111015586e+00 2.738609685238913277e-03 4.520566225695568541e+00
4.709154813717663757e+00 1.621361590659460214e-02 4.607593755643401678e+00
4.733648477186566339e+00 1.901094219277037548e-02 4.533739009578952484e+00
4.752309029527622464e+00 -3.484225344977475575e-02 4.470276797459638018e+00
4.724348377582227698e+00 2.256491143565306917e-02 4.503032169702827048e+00
4.665811672170927515e+00 2.208881186887090651e-03 4.665472146422389166e+00
4.689052611665679215e+00 1.785961789630445898e-02 4.629982611729063002e+00
4.714785718019427918e+00 2.801554929073546765e-03 4.560559120412865930e+00
4.689930742157657484e+00 1.828818895624184648e-02 4.637502715383000407e+00
4.654157987102702343e+00 1.438006735709227574e-02 4.338748168014721962e+00
4.751010043796862981e+00 -2.903717043189646407e-02 4.506405263515588011e+00
4.681908859453770333e+00 1.654575112294924891e-02 4.648376701041912362e+00
4.691563350921205355e+00 1.035780096532890049e-02 4.341950814006433568e+00
4.760454772349590691e+00 -3.747591940321971793e-02 4.463291684973486717e+00
4.672720035177969855e+00 1.298134481941808430e-02 4.655068168305772858e+00
4.687452526012847898e+00 1.812700875444406279e-02 4.646232659650361363e+00
4.714528232964501520e+00 5.479587065573188545e-03 4.553823109828078586e+00
4.661219978812994214e+00 -3.627106693664483659e-03 4.477127731168312863e+00
4.763859395414142384e+00 -2.943524246089182159e-02 4.416766137390902180e+00
4.626182159891237156e+00 1.586762336666900503e-02 4.351962236727495714e+00
4.729143548259631125e+00 -3.079975072263563263e-02 4.452382325174875533e+00
4.771256651369022883e+00 1.492682643251361935e-02 4.401718953643891652e+00
4.608372627551553968e+00 -1.043153450927113146e-02 4.295780662046331244e+00
4.680913795643729891e+00 -1.973550307483229547e-03 4.547643549117733386e+00
4.643806181296920244e+00 1.244181139639473181e-02 4.573552200301539195e+00
4.695203466071711240e+00 1.611383122693651679e-02 4.490961502379755110e+00
4.700685595745197176e+00 -1.245026572425449521e-02 4.615227386058128545e+00
4.742880054934093259e+00 2.602183832094242741e-02 4.424347784728468902e+00
4.667871522569075005e+00 7.359339486566263307e-03 4.663982367880072921e+00
4.673622945840495646e+00 1.421710095137997988e-02 4.661164083326254648e+00
4.723135728976872727e+00 2.155590313487643159e-03 4.566373402808707738e+00
4.629841649791855751e+00 -3.965173839515535002e-03 4.584233125167486378e+00
4.642005514128742405e+00 1.422046823199672044e-02 4.426151738275543757e+00
4.671865300291984546e+00 -5.250497481063209904e-03 4.663864892197633338e+00
4.684191239604540868e+00 1.730535816682348196e-02 4.651469504887542072e+00
4.724483355883545954e+00 -1.736494605839134062e-04 4.561247789669019781e+00
4.722375649284808574e+00 1.103987206844627735e-02 4.544177206530075175e+00
4.705235848203554561e+00 -1.400970112758339638e-02 4.626260516849910687e+00
4.711274996676469762e+00 -5.796060494603328360e-03 4.593416255455379904e+00
4.670672212296310910e+00 -9.302847566246176189e-03 4.574445250572644284e+00
4.702664649658484741e+00 3.220160848731534829e-03 4.549078479358025895e+00
4.762748016945121066e+00 2.212170175401775504e-02 4.414024811497891498e+00
4.715456537319414387e+00 1.146149337292987763e-02 4.590804361501915842e+00
4.699531410454077296e+00 1.855386813811892369e-02 4.628908586593487584e+00
4.765979647020408549e+00 1.130881162066206362e-02 4.392420849907685110e+00
4.728551907691604939e+00 1.172478953155855520e-02 4.549236976198153926e+00
4.689142997791134526e+00 1.848277343860225269e-02 4.643456043650154186e+00
4.669006379958455355e+00 1.165131545507840441e-02 4.651344878046413278e+00
4.703153377537203639e+00 1.752985105438435373e-02 4.619243172940383779e+00
4.744617106915313798e+00 3.092455493658228388e-02 4.489202145688025780e+00
4.746415435853748477e+00 5.292856535578583516e-03 4.369043985879524250e+00
4.671292045434764617e+00 1.183980917939253530e-02 4.660807846774358332e+00
4.706473238594305997e+00 1.531039861916290261e-02 4.604051036466858093e+00
4.756407384453560816e+00 -3.655960182212795312e-02 4.463462981767405857e+00
4.749726479169718019e+00 -2.942053955995218781e-02 4.501383955345628962e+00
4.746909474298245613e+00 -2.214308260131847561e-02 4.529574986483464905e+00
4.617321542645163923e+00 1.435686309618845226e-02 4.383073353713727194e+00
4.766019661487417736e+00 1.039439931249024410e-02 4.391091497821377310e+00
4.663813500863829731e+00 1.636274388141689858e-03 4.653583567603299720e+00
4.667970222787657164e+00 1.013806195263997761e-02 4.654227018895774393e+00
4.666608128127068156e+00 -1.679235906135554540e-02 4.425577894174367977e+00
4.738168856910801807e+00 -2.863919474074035076e-02 4.482247896911131235e+00
4.727276030605215951e+00 -5.986691527930788209e-03 4.548404665818986281e+00
4.729245589962714824e+00 -1.347273055703737156e-02 4.360973923952242259e+00
4.750280676774733202e+00 -2.437059550220906090e-02 4.528668738356106616e+00
4.754342368584160816e+00 -3.183505763996215265e-02 4.495333027709266460e+00
4.721040994362465604e+00 3.588608396286385727e-03 4.568736250103207830e+00
4.652327364086109363e+00 1.158832741682256501e-02 4.545092897521098685e+00
4.725274559001148234e+00 2.414732794278418374e-03 4.568708008336737514e+00
4.664813723216686192e+00 -6.691054358813186727e-03 4.554280826658524184e+00
4.708160086124948407e+00 -1.018508623814025175e-02 4.609326166877772302e+00
4.651002642220873007e+00 8.770168203138251073e-03 4.620677810798262009e+00
4.747589307250285273e+00 2.763965526923799557e-02 4.430881726177303470e+00
4.717541882653938146e+00 1.080953005524292257e-02 4.539209421611377415e+00
4.667437299672136497e+00 6.564644786246987343e-03 4.663588710231060475e+00
4.677385239911698633e+00 -1.048294370387328235e-02 4.662036661293813999e+00
4.754454455399114821e+00 -3.380192065829960846e-02 4.482613626560444153e+00
4.743088228736701772e+00 -3.291442222464241452e-02 4.465571144432954220e+00
4.670631224248583457e+00 1.128962386720955280e-02 4.662686910086875081e+00
4.695695735356012257e+00 -1.683701275797631208e-02 4.638059572351888704e+00
4.758729455711963041e+00 -2.123730610681269504e-02 4.393821627109547379e+00
4.756672309550713074e+00 1.569865796516394310e-02 4.394722376167942812e+00
4.695123364776591757e+00 4.911667968908206908e-03 4.534540501613046892e+00
4.712979762812135931e+00 -2.953127817330703062e-04 4.340160841385881874e+00
4.726300775024278700e+00 1.345306178828258384e-02 4.541059569533087981e+00
4.587874239329530646e+00 5.757250563670446471e-03 4.446597697122457227e+00
4.713562748655660606e+00 1.227680056873330441e-02 4.592677925776490255e+00
4.760516347652242963e+00 -3.740609744013010524e-02 4.465291655723066633e+00
4.679654403098343352e+00 -2.369652049551403128e-02 4.403156215035403775e+00
4.697615068590028642e+00 1.871723709591770549e-02 4.631296388313270285e+00
4.672505225188252176e+00 -6.260268280148296310e-03 4.662569906003103171e+00
4.665179926280235811e+00 -1.133564535903874848e-02 4.589122130285022472e+00
4.706174552659845745e+00 -1.302066700916997347e-02 4.621606487780084649e+00
4.757468332518724807e+00 -3.261789594657462515e-02 4.426923247179080256e+00
4.576537784678452070e+00 -3.386329263524601434e-03 4.353106705489179440e+00
4.641268012435358692e+00 1.172087765855842761e-02 4.544769539183351803e+00
4.716707000109100711e+00 -6.905027461604263707e-04 4.578808192410004807e+00
4.630438244761126754e+00 3.419002151062144976e-03 4.589975341461947522e+00
4.526666255373944736e+00 1.574170788310791380e-03 4.390860530764451042e+00
4.650975656170470707e+00 -1.050575069977801625e-02 4.433204733096006045e+00
4.687572569133630296e+00 -1.612607453969319357e-02 4.652559480214007337e+00
4.729755182771861577e+00 -3.523381453723839658e-03 4.558001929683471509e+00
4.720544041657475098e+00 6.940555008137927993e-03 4.578593471164042583e+00
4.710358992138278467e+00 1.323077349733559060e-02 4.595159596154545056e+00
4.758920805007043953e+00 -3.618373362376039321e-02 4.447357991762959095e+00
4.754910164684945428e+00 2.877443151208965155e-02 4.436304332268992567e+00
4.770521264279814488e+00 1.370722084727011951e-02 4.399536457072672491e+00
4.759529690549561209e+00 -3.720007758296853956e-02 4.457778660844225804e+00
4.695440105446932577e+00 -1.797415310584238313e-02 4.642499762539516794e+00
4.716026465511897747e+00 -6.331189720126939938e-03 4.344342663230469803e+00
4.661732496570434314e+00 1.088782065662945511e-02 4.636481100688913948e+00
4.673009963575432302e+00 1.384261945700791113e-02 4.661535217938533648e+00
4.752037581626068707e+00 3.314722600058104401e-02 4.456854664388513854e+00
4.653016503971730167e+00 8.824777957566710615e-03 4.469821685475356077e+00
4.583441568407016220e+00 -7.999112429210376504e-03 4.287966148631567442e+00
4.712934275352735014e+00 -9.133891101515257890e-03 4.608102238225241898e+00
4.718190777899298638e+00 -2.968844134973839394e-02 4.438270225106986544e+00
4.682272412889860291e+00 -1.327951698370586492e-02 4.656187579822005596e+00
4.695855075728911920e+00 -2.647835274940271710e-02 4.395851345402796539e+00
4.690274469438070248e+00 1.899311306918925052e-02 4.645525808348272889e+00
4.712888950291780787e+00 -2.538061493350487682e-02 4.383336019075777301e+00
4.734360308460733968e+00 2.099941211024405549e-02 4.527163313206616024e+00
4.767138809518680631e+00 -2.549652401852906675e-02 4.408331154783943440e+00
4.707634496339857755e+00 1.660624608853242951e-02 4.610718474686962054e+00
4.666478942903807159e+00 1.184185536141324621e-03 4.665177244486579333e+00
4.713577123362991728e+00 8.005420585978750836e-03 4.544072803489779488e+00
4.674065961334374464e+00 1.366780704934109775e-02 4.658297239326214978e+00
4.668069769265406954e+00 8.626381892652813452e-03 4.659076467661751764e+00
4.621752226184691281e+00 6.661833310909415435e-04 4.575557667289639419e+00
4.713053261108579584e+00 -7.695204595217131419e-03 4.602519111913726313e+00
4.754888796240284599e+00 5.629064936303152661e-03 4.375687627051356721e+00
4.669532370105526908e+00 9.789904962987172957e-03 4.662771396132348478e+00
4.659588295776246447e+00 8.133612700107751420e-03 4.525672862039089139e+00
4.717052426054923586e+00 2.103827510164793177e-02 4.499284270403136610e+00
4.710414692545492166e+00 -9.437087830634550978e-03 4.607623348251344453e+00
4.696886888507574298e+00 -1.707768066489661132e-02 4.638701939540313290e+00
4.678215102656387181e+00 -1.114503312037200614e-02 4.656988743316373913e+00
4.742251411331820599e+00 7.738267451716929549e-03 4.369404677277609395e+00
4.761020615377285381e+00 1.444246596111922222e-02 4.394667180056067046e+00
4.724564147758071542e+00 3.124229411002765744e-03 4.569994525970201060e+00
4.767286844248687316e+00 -2.676946253197476366e-02 4.410861054309793694e+00
4.682570275821948513e+00 -7.203594961657788787e-04 4.318962173890130707e+00
4.743179561036101610e+00 2.999478799838506404e-02 4.441822310390195483e+00
4.667283626112498141e+00 1.290198451887825061e-04 4.664558250480317803e+00
4.760574199445732013e+00 -3.729278062076530481e-02 4.466866327558319583e+00
4.637685350539840101e+00 8.215597344022195977e-03 4.594816089654416125e+00
4.746789129008295305e+00 3.140247032360972412e-02 4.448615103691233585e+00
4.678692509154691592e+00 -1.123255331606682998e-02 4.660928810867088323e+00
4.629735267984161240e+00 1.004334726544953149e-02 4.308781004116568170e+00
4.675092108998466500e+00 -9.452537696783292961e-03 4.657009120635322574e+00
4.722232822544389919e+00 1.768998319483293738e-02 4.521605439282369687e+00
4.705676186762453028e+00 9.755600515921437205e-03 4.528701006836779897e+00
4.705679677219514190e+00 1.284024962395324820e-02 4.517741866557297925e+00
4.730104531595376471e+00 -2.270366388091438203e-02 4.379803736047893636e+00
4.696111923495450924e+00 -1.372424824729283691e-02 4.619599985749252014e+00
4.657044683973001753e+00 -9.543770754357262451e-03 4.567636082932651220e+00
4.716949363812529050e+00 7.755326238138682271e-03 4.578768249757531272e+00
4.727841279425462062e+00 1.913826127245887854e-02 4.524309601908269585e+00
4.749768367777806866e+00 -3.532156109903866054e-02 4.449969528423355136e+00
4.626271360581646341e+00 1.030642327953057436e-02 4.428330016889429288e+00
4.669048819659389338e+00 1.004602802048779747e-02 4.658191892854999239e+00
4.721349958494021060e+00 2.297414035512446075e-03 4.572793936067164999e+00
4.692951253869074968e+00 -1.877230136392556148e-02 4.647447024429605555e+00
4.666527867660344775e+00 2.754778986518680375e-03 4.662507799194192337e+00
4.702233087840269832e+00 -1.070886046763526271e-02 4.607293636063385378e+00
4.751908457757948234e+00 3.457528653055970402e-02 4.468521165751859314e+00
4.676459335820394969e+00 -9.916279969135867109e-03 4.663073266449915266e+00
4.666618089229128685e+00 1.655217727572289152e-03 4.663882190176456888e+00
4.712047201310241462e+00 -1.111549026441514126e-02 4.615599642943819525e+00
4.710468064761148987e+00 1.593393707961219402e-02 4.605635176063243463e+00
4.693497436077238127e+00 1.975803854820421673e-02 4.642610793368637800e+00
4.667983297724780378e+00 2.967554026389374044e-03 4.512755039952292435e+00
4.691908771210284712e+00 2.090428482476212185e-02 4.460087009399885005e+00
4.734475120738111720e+00 1.767960371748618018e-02 4.539023630032669843e+00
4.766857998098014804e+00 -5.527666372981077103e-03 4.374188068488844117e+00
4.665431781417334278e+00 2.917441650508579079e-03 4.665791370581555242e+00
4.663029122674087645e+00 -4.827049318296383965e-03 4.644880108887934789e+00
4.531359740880027687e+00 1.266562976544705066e-03 4.414286477837535472e+00
4.669533381215482670e+00 -2.936404994646402231e-03 4.663064849715301108e+00
4.670232237384965401e+00 1.076270064371875890e-02 4.661528228587219935e+00
4.750584789437464650e+00 -3.736399046121708072e-03 4.365452001949985394e+00
4.742341654789766991e+00 -1.964950652032575532e-02 4.529814902533177978e+00
4.569823683584719909e+00 -5.443309281472786393e-03 4.312609738503637935e+00
4.759519999836522963e+00 -3.731363882864185966e-02 4.460910931948632197e+00
4.767734745935824137e+00 -7.442460131979001213e-03 4.374847206438010616e+00
4.717821849214049124e+00 8.734505800176340165e-03 4.582668210566391842e+00
4.711714846938572343e+00 4.122482015225781803e-03 4.342386864562750581e+00
4.654729801538524114e+00 -1.068350795609547370e-02 4.587261341268936476e+00
4.693232179151416439e+00 -1.793745140487359654e-02 4.644962113623859246e+00
4.762475591146057674e+00 -2.672411885046410696e-02 4.408399068874223836e+00
4.724288919103414308e+00 2.081504208750217712e-03 4.567089756753171415e+00
4.752679953895826870e+00 3.449233561018325706e-02 4.465647173598126685e+00
4.751109869113052220e+00 3.169103892734246447e-02 4.449164170793503459e+00
4.693917056779782548e+00 -1.883895516711021900e-02 4.646164279845649503e+00
4.712657000859457490e+00 -1.060335921162867262e-02 4.613773038184941555e+00
4.735175274795857092e+00 1.885262102521352567e-02 4.536763242651484340e+00
4.692607880105770235e+00 1.966110025405791786e-02 4.643926821429988472e+00
4.709757244148741862e+00 1.629415388658221955e-02 4.607628522794017023e+00
4.665537776943055270e+00 2.404772114803766219e-03 4.665815981679855007e+00
4.705559764404847023e+00 1.689404969744410373e-02 4.613582883125884493e+00
4.721860928874494157e+00 2.875169975137748229e-03 4.571373905854438924e+00
4.677190365055150068e+00 -1.041207042027694242e-02 4.662716461540630242e+00
4.759978090383595095e+00 -3.717405566163480002e-02 4.467046285902299019e+00
4.758064026686581016e+00 -3.649048008718366182e-02 4.469254745748652446e+00
4.678796699392814062e+00 1.577272688068500836e-02 4.656395816603567717e+00
4.670924183694119769e+00 -4.720561275748914008e-03 4.662187147759920158e+00
4.689438965491675049e+00 -1.674994768361174474e-02 4.648625186206362336e+00
4.748476076780320021e+00 3.345645069924207959e-02 4.462044715429233754e+00
4.653626279834698565e+00 -1.785411515464665685e-02 4.395826630265569079e+00
4.764552011011267574e+00 -9.201035288936764908e-03 4.374999937542010109e+00
4.616824075205337330e+00 -1.020049292145230836e-03 4.432366796180738255e+00
4.683208398476856438e+00 -5.169642194162005384e-03 4.321507240844201903e+00
4.711267723319698675e+00 -1.035225863157895887e-02 4.611977618295937553e+00
4.667309919095340653e+00 8.063108940259411384e-05 4.663473640217849159e+00
4.758537598027534621e+00 -3.710575554730245057e-02 4.460116815416887093e+00
4.658821017912851303e+00 -3.389448222004265432e-04 4.303575564978530110e+00
4.716895819217162611e+00 1.815466558982766973e-02 4.512170395073017204e+00
4.668891872925581055e+00 4.167563233190607445e-03 4.312666922596964270e+00
4.655555549579298180e+00 4.778186468402179261e-03 4.504989293663876460e+00
4.692114968817041820e+00 1.923081614819448573e-02 4.642309882728524961e+00
4.731161144371008653e+00 1.857778715107956044e-02 4.531482109775565092e+00
4.717354625651222655e+00 9.840718970953511203e-04 4.573177057132292944e+00
4.708840953373901073e+00 1.568510789425108312e-02 4.605521807370500653e+00
4.636962665113069093e+00 9.937556681271053627e-03 4.585155182630233028e+00
4.685258026347658422e+00 -1.490119590759168139e-02 4.651647442478357597e+00
4.757047205674321155e+00 1.014884429010685235e-02 4.383983119892047142e+00
4.578158689713677454e+00 5.432961590302598509e-03 4.441868492413299840e+00
4.666728245999106406e+00 5.067077318162915844e-03 4.663836295452716385e+00
4.666099357352811339e+00 2.455635384351850976e-03 4.664909978273721336e+00
4.721126675150368435e+00 4.181126868414342460e-03 4.565899556922544456e+00
4.750083303391543943e+00 -2.446720923810197235e-02 4.527814626130931330e+00
4.760672162637047400e+00 -3.743486920869446705e-02 4.465006536665248937e+00
4.710131036737301713e+00 -4.368258932775148976e-04 4.570897536359620261e+00
4.693550709578008018e+00 -1.730568191507716666e-02 4.642405942922702700e+00
4.743166745412151997e+00 3.224185310056313508e-02 4.470149084978548792e+00
4.717357619806884728e+00 1.377733464312462866e-02 4.528957242743398837e+00
4.609509244099930569e+00 -3.706722229985493292e-03 4.546962788620613871e+00
4.666468602141687683e+00 -2.230305353285568989e-02 4.376782931447293912e+00
4.673956030942698625e+00 -7.736710630149135071e-03 4.661874136593150197e+00
4.643542447180704080e+00 9.120792211675344749e-03 4.517925883281707300e+00
4.703726705925699747e+00 1.613511683252648668e-02 4.608856593982663341e+00
4.670244452429868076e+00 6.362651205041914421e-03 4.317882338498995054e+00
4.727398791431151714e+00 -3.152240417523403254e-02 4.438046468622161456e+00
4.708034086033953791e+00 -1.192443944621608513e-02 4.617258885427312443e+00
4.759656163271686502e+00 -3.723300135560941165e-02 4.465104823865982731e+00
4.757168561469967472e+00 -3.486217050248811844e-02 4.480612072835816306e+00
4.763525458965481185e+00 8.285217574106341562e-03 4.385911117151742644e+00
4.579801956373554361e+00 6.546604845422510782e-03 4.276681144384935074e+00
4.711338659430477804e+00 1.359861883966617668e-02 4.596984712766927217e+00
4.695005987516809753e+00 1.896853230238968596e-02 4.635552797266014657e+00
4.726961682335656612e+00 1.542591326409383824e-02 4.535684846292349803e+00
4.738542542072614161e+00 3.139497514385101301e-02 4.463353361358165294e+00
4.717540277574286733e+00 -2.249368274383445332e-02 4.373062252125476057e+00
4.683315587907696198e+00 -1.379200822160859922e-02 4.656818713114999397e+00
4.749298142668025413e+00 3.382912762229803999e-02 4.474792828125759847e+00
4.662588459891590986e+00 -7.105766894842436600e-04 4.523263821840800780e+00
4.747738926689119232e+00 -3.427487102519250622e-02 4.464816400509727501e+00
4.684302124966127856e+00 1.725127524663374809e-02 4.648774772762063634e+00
4.599527069248185995e+00 3.680396479152881276e-03 4.276137953500357192e+00
4.725936691365702380e+00 1.299685824091323470e-03 4.566440845144263072e+00
4.719523803487421176e+00 3.165285021067276716e-03 4.567611885701084340e+00
4.687360762470403230e+00 -2.344598786200399396e-02 4.370198003259467612e+00
4.764969865630551027e+00 -7.197299643925703441e-03 4.373387074326817725e+00
4.676845782246026317e+00 -1.004021802022574475e-02 4.661447816225068763e+00
4.738262832388367762e+00 -1.632693797136566469e-02 4.533650219198411158e+00
4.715021558346279562e+00 1.451285620256204112e-03 4.568851602635898956e+00
4.625515736313452919e+00 5.761930489059242065e-03 4.577571313999923674e+00
4.718308410348753590e+00 -6.996077382212640512e-04 4.580575495038793576e+00
4.715782612950373043e+00 7.332036796270458533e-03 4.576562909313206973e+00
4.758633447201059852e+00 -2.328717851866368704e-02 4.398187501661938725e+00
4.769331934052146948e+00 1.095510027106137013e-02 4.394699951739754695e+00
4.693786483451165559e+00 1.864222458927682416e-02 4.634104180159303255e+00
4.673507715505749616e+00 -7.691074714997770193e-03 4.660242395813915195e+00
4.719437189042419156e+00 1.821297592148507678e-03 4.572359499576168496e+00
4.707325685657727909e+00 1.579744297974721226e-02 4.606659593720882739e+00
4.721687687799903443e+00 3.822683545951122315e-03 4.567831137687237586e+00
4.672236622091964442e+00 1.324274479103158125e-02 4.662051380756182972e+00
4.766508005954474214e+00 7.466575926178897933e-03 4.387208625335547119e+00
4.748849620254514292e+00 -6.626344795614969843e-05 4.365715399385673656e+00
4.691261498572099065e+00 -1.767068869035981135e-02 4.647845016803208829e+00
4.722144137609046055e+00 1.548425989340256048e-02 4.529369861981578538e+00
4.646014105683823558e+00 4.600986038675403643e-03 4.481077832191854071e+00
4.727287218931737200e+00 -1.602773450125383246e-04 4.564047131114968181e+00
4.665677730558526193e+00 -4.888371505722100344e-03 4.650072131991021429e+00
4.603777362016727714e+00 2.416499436346253304e-03 4.435393617869141991e+00
4.666733209901842372e+00 4.539098163644439236e-03 4.662747970931905073e+00
4.593667380530957800e+00 1.214558991612198040e-02 4.316056590588761566e+00
4.747580276938988320e+00 3.355048563622414076e-02 4.468418434254181726e+00
4.744215669641536515e+00 -2.075521993720848279e-02 4.383311040827035043e+00
4.678645795679515551e+00 -1.123727518676194241e-02 4.658838353383020880e+00
4.765300690550311025e+00 -2.341719343121431360e-02 4.403025981804701949e+00
4.710112768799384675e+00 -1.139511199967726575e-02 4.615879400842404223e+00
4.749711000154005269e+00 -2.368001037663378799e-02 4.529832749908465850e+00
4.675392974188893547e+00 -8.962955611429013203e-03 4.662428728389836685e+00
4.728999676088828430e+00 1.327344130057849306e-02 4.544825967704866798e+00
4.667132164434182329e+00 6.168730893092356019e-03 4.664329530765973786e+00
4.723423868588235486e+00 4.409753328420773846e-03 4.572730298524696479e+00
4.713870497336509757e+00 1.270978967710645335e-02 4.594392957674095612e+00
4.720095039800325409e+00 -1.666351962119554456e-02 4.359661024607966340e+00
4.697783758346496974e+00 1.890921556668830050e-02 4.632505850635079803e+00
4.706992445500138622e+00 -1.318235977181392293e-02 4.622915933353514362e+00
4.672789267340714758e+00 -6.359578200865901448e-03 4.663385740272103064e+00
4.694046383076152296e+00 1.937380023959663078e-02 4.639556968449350727e+00
4.564389422060765256e+00 -4.971374315097598813e-03 4.292584603810247756e+00
4.730502163164307383e+00 1.665190569577240307e-02 4.536593536812964622e+00
4.710428947860592075e+00 1.494216161113715025e-02 4.601962899320376721e+00
4.579311027066704121e+00 1.126033918494725485e-02 4.345249962681927869e+00
4.562274956777581991e+00 3.868598791684796714e-03 4.398595657265044423e+00
4.666048008029610727e+00 3.665768593709906129e-03 4.664877135459520652e+00
4.749969190878505110e+00 -2.378106178726091535e-02 4.530000892131885060e+00
4.720091804160391646e+00 2.753914813459878985e-03 4.569730808484920637e+00
4.676955177028397692e+00 -1.012861819999431173e-02 4.660232088826671060e+00
4.664107780016580662e+00 -3.590907945884591959e-03 4.649380371642680920e+00
4.717684333756198001e+00 3.420830321787438413e-03 4.564612040350238154e+00
4.526344435879618544e+00 1.346438102065716921e-03 4.409743631061706637e+00
4.629027398346712729e+00 -7.417584319453019229e-03 4.564346034585050838e+00
4.693638441616784007e+00 3.076278320657088988e-03 4.328300434085165627e+00
4.645786998816069158e+00 -5.115072100994044746e-03 4.528408477018429856e+00
4.696255436005733586e+00 1.438903910107447448e-02 4.499689074428032676e+00
4.769609619367614073e+00 1.715028184644040721e-02 4.404902281208776138e+00
4.597781313055200769e+00 9.729744628078851321e-03 4.296725192109330571e+00
4.768905391074531153e+00 1.862002709441217332e-02 4.407483812972017745e+00
4.758157661621039480e+00 -3.519791157218481875e-02 4.440466940216126979e+00
4.725628834771733899e+00 9.798674735193024787e-04 4.565342165937547492e+00
4.674604957980981190e+00 1.451250098393872673e-02 4.660211826417926417e+00
4.762721031728177401e+00 -2.460065532886148917e-02 4.403669499399390119e+00
4.613806984833090929e+00 2.022231359724724602e-03 4.457674544088454205e+00
4.688153843458831460e+00 1.837336241412073148e-02 4.646967323144285622e+00
4.690077075035993914e+00 -1.749416043272059018e-02 4.650302452610320714e+00
4.764994935310198798e+00 -2.291712194394613039e-04 4.376572369218138192e+00
4.711665022999294905e+00 -7.685936517458991438e-03 4.601370135066820133e+00
4.666098242906721261e+00 4.524911095642548085e-03 4.665127498024810748e+00
4.619581374013119301e+00 9.779201087353285582e-03 4.516649521308043091e+00
4.674590819309172751e+00 -8.219334137222356756e-03 4.663382829546511843e+00
4.657988524858473589e+00 -1.811862410885808558e-02 4.336519596681068123e+00
4.706981802284191829e+00 -8.966047671002464955e-03 4.603110290413380490e+00
4.709627076421428526e+00 -1.222185461898819304e-02 4.619545117095270825e+00
4.765763858575662759e+00 -2.438707719976438565e-02 4.405156614954203853e+00
4.712259922054921724e+00 1.441518369239416265e-02 4.599908407888444906e+00
4.695695049577334856e+00 1.943959016287624339e-02 4.637796242525657142e+00
4.731972409036874438e+00 1.523708970905122452e-02 4.542443112081362422e+00
4.592791659791583214e+00 -4.446894280620972487e-03 4.504308058512640933e+00
4.752052343338299956e+00 -2.339967849091255728e-02 4.394388156239237730e+00
4.636020367926921182e+00 -2.408949200020771395e-04 4.460368270894427667e+00
4.720519318579947665e+00 1.723645220684488907e-03 4.573936480286203476e+00
4.691707937869075806e+00 -1.824386258654763296e-02 4.648532580715681206e+00
4.636207210676211332e+00 -7.604765991754325674e-03 4.539690335266248766e+00
4.748529489963003059e+00 -2.358180119706432265e-02 4.527788769379994527e+00
4.627714506272266881e+00 1.066082834002511463e-02 4.554053366204854569e+00
4.750196079757480483e+00 3.417723717595535365e-02 4.471270805851101926e+00
4.665707139848819018e+00 3.615825137794104280e-03 4.665455287672500617e+00
4.675615653233987423e+00 -9.186684062947049131e-03 4.663121814622444461e+00
4.710939446024848820e+00 -1.157393528340931038e-02 4.617096362986672808e+00
4.711134375879849401e+00 1.527494705372252175e-02 4.603014003683853161e+00
4.694368833280079478e+00 1.963162555950770383e-02 4.640532735946480081e+00
4.764784933331884353e+00 -3.400232002617453991e-03 4.373919119334127359e+00
4.732923303522807323e+00 1.663279747866363081e-02 4.539919627396348467e+00
4.601637520590712960e+00 6.087209206793342976e-04 4.540092311841991801e+00
4.759511696737783737e+00 -3.709023228342151618e-02 4.466781220114385498e+00
4.728463221879431799e+00 -9.961488802861497016e-03 4.538662561167945420e+00
4.706466551326815129e+00 1.315206538320090601e-02 4.592535854856389932e+00
4.760715296798322171e+00 -3.738544444710895087e-02 4.466122677736187541e+00
4.590955620017327377e+00 -8.101636334885920160e-04 4.269793558906222586e+00
4.617574476555457608e+00 -1.266361650645717735e-02 4.361617350930943715e+00
4.749999342118348622e+00 -2.370660270032334468e-02 4.530265614702421395e+00
4.729354593688178454e+00 -1.937118867727911919e-02 4.371114720432289324e+00
4.761030305998592560e+00 -3.290828442165578960e-02 4.428647950732404581e+00
4.633522131789187704e+00 4.381551728691412788e-03 4.291824532382683799e+00
4.621966978580491769e+00 7.239386973882222694e-03 4.486110175386032850e+00
4.676177254544904294e+00 1.505482765904746570e-02 4.658942391660691129e+00
4.555698234449936379e+00 5.931960542138717610e-03 4.271535236222778309e+00
4.635147638399182313e+00 -8.592769075029038639e-03 4.561734487745563449e+00
4.609596303359302816e+00 -5.302871987257185525e-03 4.538307542002911532e+00
4.721226001488683544e+00 2.904917635288573399e-03 4.570487659147555171e+00
4.571974762067015696e+00 -1.009985125910151148e-03 4.484716119015836888e+00
4.705987301375401444e+00 3.746150718326290985e-03 4.550582586888158865e+00
4.753658778460099654e+00 -3.609172039441382179e-02 4.459933434278370967e+00
4.727290295393936859e+00 1.853653353634854338e-04 4.564966274892967135e+00
4.607737173681500487e+00 5.557930619670198823e-03 4.544224871400135868e+00
4.679957184767443934e+00 -1.193819587241384816e-02 4.659488910100204606e+00
4.601434251436657519e+00 -5.255262962721740996e-03 4.504979749485492846e+00
4.700027587179051558e+00 1.760922023673711437e-02 4.490654616061376281e+00
4.759243757920707196e+00 8.233941701806468672e-03 4.382506451204233322e+00
4.691176316421743486e+00 9.419929997825260849e-04 4.325143733559012382e+00
4.719933176276096098e+00 9.033494182378199334e-04 4.576290866880584396e+00
4.746139805330702899e+00 -2.057674098789745790e-02 4.533116080144303339e+00
4.587298133894947227e+00 7.670521909337835523e-03 4.393208432109654282e+00
4.553066735870071824e+00 -7.727739202013861547e-04 4.432710369396303918e+00
4.670295178441231876e+00 -9.747773876820842870e-03 4.317299598903609592e+00
4.709132333073921650e+00 8.265721358083278486e-03 4.537982718709409724e+00
4.767046864594907341e+00 -1.465805820399435164e-03 4.376987663040548426e+00
4.750387626657916584e+00 -2.428260390058509938e-02 4.529206470663041273e+00
4.690901402050419833e+00 -1.798591759504996820e-02 4.649806377071320718e+00
4.758712777706702646e+00 -3.405362499735329479e-02 4.433986765446961797e+00
4.665858046172225215e+00 4.162568747589645742e-03 4.665402555055800704e+00
4.674991497250273298e+00 -8.601297083413861691e-03 4.663508875819217359e+00
4.710282180976125943e+00 -1.206129510243174677e-02 4.619127213167420365e+00
4.740355715086989719e+00 3.164439549369668647e-02 4.456560299139983528e+00
4.712105411796483345e+00 1.478657212418372884e-02 4.601257079708068076e+00
4.695366375036541307e+00 1.956879289267119543e-02 4.638926851404485241e+00
4.733102439105191905e+00 1.563332733413188777e-02 4.542767047923994994e+00
4.675564144000437850e+00 1.490705823897187088e-02 4.659598310714581082e+00
4.710991610838380694e+00 2.197943252012810739e-02 4.484711278276054536e+00
4.593276598134661270e+00 -1.423667543080198205e-03 4.523471279968758196e+00
4.642836750190014961e+00 -2.508715367310099340e-03 4.511725868065870060e+00
4.750569602826825388e+00 -2.617149422775906509e-02 4.521156349964027932e+00
4.568367458646633850e+00 1.058681632059219578e-02 4.312683826918965124e+00
4.720423011878475350e+00 1.017442654298239633e-03 4.576424123757244722e+00
4.648890833012856660e+00 3.275411761622537814e-03 4.298995222847151965e+00
4.680060851146805589e+00 -1.202656610499075462e-02 4.658489519015142299e+00
4.635341521622378558e+00 3.219479775312361972e-03 4.475448133444271726e+00
4.566839778875590561e+00 3.605348170559264168e-03 4.403086292310771199e+00
4.754119301799224928e+00 -3.621085124825820095e-02 4.454935160653527682e+00
4.691730908654865750e+00 1.867078449101558166e-02 4.637883517906435493e+00
4.758710300400648130e+00 -3.681313398894184991e-02 4.453310036494186441e+00
4.615188854828993215e+00 -4.532733716698844964e-03 4.281420152589873851e+00
4.732428903099758166e+00 -1.549315976749010559e-02 4.527601556945395345e+00
4.512054733435981291e+00 4.213384294002375970e-03 4.342745594590168068e+00
4.692433030642432001e+00 1.774058686746693425e-02 4.624871104777316333e+00
4.703558669859605246e+00 2.050679633349832345e-02 4.481221025413518966e+00
4.624518255590625238e+00 9.515473644434403397e-03 4.559575428205864256e+00
4.614786394064077868e+00 9.524125832536367575e-03 4.526281123177413157e+00
4.715317817602077355e+00 2.730377507162984330e-03 4.564463797080407836e+00
4.640480391570427798e+00 -4.391432684670704481e-03 4.294066359298676083e+00
4.680659789856002284e+00 1.631239383841789556e-02 4.654790023557241696e+00
4.761978882151054471e+00 -3.074535926362287341e-02 4.420573379745152742e+00
4.567142166385121271e+00 -9.155003507229143335e-04 4.264377808697904726e+00
4.711860614637049416e+00 1.145125482963713776e-02 4.588607753360481212e+00
4.711152093537897656e+00 1.399683963141276112e-02 4.520491102039930986e+00
4.705411501151998799e+00 1.661871372136483269e-02 4.611795925033867150e+00
4.750257073480318226e+00 -2.398790058458768679e-02 4.529842924112697844e+00
4.708750024981544158e+00 5.840740959887158988e-03 4.546039440939181553e+00
4.584811747324780917e+00 3.871188447011242491e-03 4.415003524125103773e+00
4.736677875533465532e+00 -3.299282407484718099e-02 4.449671314040002379e+00
4.630887670270152690e+00 -5.644402349043353868e-03 4.519605159022761498e+00
4.587104073389877357e+00 3.146476480291937779e-03 4.420885458887863884e+00
4.664510024792797971e+00 -1.575148327382442856e-02 4.327754854682406283e+00
4.692886247364182140e+00 -1.479087472812716866e-02 4.339285420734968923e+00
4.666314678384402725e+00 1.701276732106116229e-03 4.660005973672011415e+00
4.622218001133453491e+00 -1.477899235965329924e-03 4.485889460793464067e+00
4.703687120394343779e+00 1.596797835329843984e-02 4.503138961328503775e+00
4.562853106334978648e+00 8.562380644137680338e-03 4.351961538810593666e+00
4.555088484746429245e+00 2.572276889888236526e-03 4.393404430716321585e+00
4.721246087610595055e+00 4.487990905172445540e-03 4.571503842559129005e+00
4.694724098022176051e+00 1.801928429724781663e-02 4.626595129781590821e+00
4.760538829042784137e+00 -3.731172909301235657e-02 4.467175300465653365e+00
4.556480780705276068e+00 2.645727205932881052e-03 4.262777346286023672e+00
4.735977062473581078e+00 -3.237476209186720272e-02 4.454886413896199215e+00
4.695591039375988984e+00 -1.845125526683526543e-02 4.349497862016647787e+00
4.744821398563175308e+00 3.235540850193246304e-02 4.456171901926797574e+00
4.624041208498478994e+00 -7.341023410588354454e-03 4.535540264090360374e+00
4.682196862708128293e+00 1.667778994303388204e-02 4.652137172405103271e+00
4.608389735716106550e+00 7.768884992427383535e-03 4.481929307669144436e+00
4.760659930177982169e+00 -3.739702264290015871e-02 4.465338139080137658e+00
4.749442706634318334e+00 -2.548874185314629198e-02 4.521904820810054737e+00
4.592828098151893634e+00 3.138613910402199541e-03 4.522524958816299012e+00
4.543809606507220877e+00 8.029866071406077319e-03 4.289982957626270021e+00
4.674973367824769355e+00 1.446228730876830681e-02 4.659405384367920178e+00
4.534853394175669017e+00 6.863463741846187981e-03 4.330310911986188671e+00
4.632916934498923389e+00 -1.696334833543089449e-02 4.341116232221619242e+00
4.618945414608319311e+00 4.512150202387221927e-03 4.464705099887158468e+00
4.691089943796007411e+00 1.883822000413477860e-02 4.641605624896318893e+00
4.706507171564040526e+00 -1.150931582639884779e-02 4.614335917537535359e+00
4.607193247396059732e+00 -1.267929311658930885e-02 4.332365993415022487e+00
4.567912172644718716e+00 -4.574168636901565325e-03 4.275646433154797421e+00
4.630745470615105219e+00 -1.531363494464610397e-02 4.321743014715947240e+00
4.610778833020372502e+00 7.721291625041881886e-03 4.539984387810818589e+00
4.645191129037026023e+00 6.221031085091244944e-03 4.302769818326893869e+00
4.764664867551960725e+00 7.528120319175624423e-03 4.385696020667928074e+00
4.705438077907663441e+00 5.541103587586970747e-03 4.543427329487000677e+00
4.531468708358988629e+00 4.475016078305272052e-03 4.352467305124901209e+00
4.762791714836071222e+00 1.975947373052155953e-02 4.407433164027578343e+00
4.685021986479537048e+00 1.752660627132884841e-02 4.650272489870923565e+00
4.721989579516645996e+00 5.298208577505381621e-03 4.574353146969627915e+00
4.750119024673447043e+00 -2.514197421144253111e-02 4.525082754279783792e+00
4.710552278152384531e+00 1.603471493039980780e-02 4.512130066374161252e+00
4.767847639544460669e+00 -2.579943381567364677e-02 4.409150024437328952e+00
4.768749595163018995e+00 1.338681118544364848e-02 4.397715609966341255e+00
4.671468163668393458e+00 1.227227147648442089e-02 4.662071777084233482e+00
4.749824316657807799e+00 -2.343409461374794736e-02 4.530656191580844983e+00
4.758405243591802503e+00 -3.035514664139445096e-02 4.417879870138524900e+00
4.571127643099612392e+00 -2.228599173431522560e-03 4.474023041061553130e+00
4.760095141645603434e+00 -3.704665440922877417e-02 4.468813370886623559e+00
4.768025073237975420e+00 -6.387754429716441945e-03 4.374715385326837236e+00
4.767363301969404610e+00 9.927224690368597476e-03 4.391439542048184208e+00
4.772000189853122798e+00 1.410310489344466373e-02 4.401091760725884150e+00
4.752559128439436620e+00 3.469869060089641327e-02 4.468317720001587112e+00
4.735099879477499663e+00 1.798959744160628579e-02 4.539244472398625163e+00
4.721726656934072786e+00 2.476162747694044333e-03 4.572619639086036969e+00
4.712379964929794163e+00 -1.103616062758598984e-02 4.615401061578141118e+00
4.693230965860365700e+00 -1.894634966108614885e-02 4.647305831286518973e+00
4.676667571670370727e+00 -1.009685578811598920e-02 4.663128059042462858e+00
4.673242768882989395e+00 1.408821897932783888e-02 4.661552780357494541e+00
4.665336898827046497e+00 2.785063334996085507e-03 4.665913810957007968e+00
4.725086324856546227e+00 2.838979568617539060e-03 4.569641591768386135e+00
4.710380978438398536e+00 1.610481339572116324e-02 4.606341465872987762e+00
4.693329261546894671e+00 1.981024284354671039e-02 4.643162161819214262e+00
4.703070385233200312e+00 1.682156411794446735e-02 4.613672926769229576e+00
4.682407849804684830e+00 -1.329736979194302664e-02 4.657443364960617060e+00
4.748646257494630873e+00 -3.505284147692827590e-02 4.458812639564423641e+00
4.675327677182384178e+00 -9.142809530347007635e-03 4.659583762748518154e+00
4.671518806310760219e+00 1.240813823764819190e-02 4.662257299646123343e+00
4.736284321321025281e+00 3.067607460323071994e-02 4.451502578409743727e+00
4.770137122914594130e+00 1.798301859315358867e-02 4.406927136924940314e+00
4.560301321973173394e+00 8.913076119191565500e-04 4.466685370028609547e+00
4.750509294738671784e+00 3.415649951038286780e-02 4.474155048544521840e+00
4.710183000832257605e+00 2.494921085064394535e-03 4.559723942738082236e+00
4.744677444630368335e+00 -3.443111231161678776e-02 4.453511407105281705e+00
4.761854287882114178e+00 1.183362193784081098e-02 4.390285785807631846e+00
4.700107937006203329e+00 2.179007542176288059e-02 4.467852320408466582e+00
4.522686231002165158e+00 7.316919799856869827e-03 4.301439200711072885e+00
4.766564362789885045e+00 -2.378100462530596815e-02 4.404663395337617970e+00
4.683832878649218046e+00 -1.410635968835400982e-02 4.655531261067199722e+00
4.732581279152999976e+00 -1.346935789767176456e-02 4.533993973465971550e+00
4.625436743704857356e+00 -8.687585086817706942e-03 4.292892141361527969e+00
4.749683933957694393e+00 -2.400309032247043353e-02 4.528625261544971359e+00
4.721994170145208614e+00 5.523374416576132262e-03 4.575038109125450170e+00
4.667238649788387761e+00 6.281146527739167942e-03 4.661387913587035747e+00
4.760403723237267570e+00 -3.730595359099427716e-02 4.466553204077911232e+00
4.574973223869419847e+00 2.819596988640382836e-03 4.489711699298871039e+00
4.759644978986763419e+00 -3.690020294646661342e-02 4.469320931567533073e+00
4.713205888870502847e+00 3.963958831924685564e-04 4.570861406975130770e+00
4.573248051606491948e+00 1.244932786024222082e-03 4.387964749863895619e+00
4.750323929544348012e+00 -2.414174106104725187e-02 4.529493200312593615e+00
4.750415047031457227e+00 -2.736986837939046208e-02 4.514662785778795318e+00
4.749226969131826515e+00 -2.312878333481887053e-02 4.530612173329701342e+00
4.711214614974543302e+00 1.105442882381879686e-03 4.566052137878525485e+00
4.655227786960266734e+00 -8.815163463639441935e-03 4.306907338962077780e+00
4.670629384078754498e+00 1.124420754410078264e-02 4.662228688933867993e+00
4.719637958736918826e+00 6.184933557996430409e-03 4.575537571259688185e+00
4.737603682057629051e+00 3.001766161151216139e-02 4.444340420878386766e+00
4.720004189055919674e+00 6.681318008117997920e-03 4.577336044169646456e+00
4.712144620588513355e+00 3.386140266221016309e-03 4.558572051652174828e+00
4.711695057635024497e+00 4.835939488553897894e-03 4.552889122195589167e+00
4.767361084482200972e+00 -2.451505131980127525e-02 4.406635268821098350e+00
4.584599632512832201e+00 -9.011762846904547777e-03 4.307414320621524517e+00
4.714374214517452089e+00 2.442519634422009311e-02 4.474632230090295870e+00
4.767841733027371021e+00 -4.045164277845803187e-03 4.375535105588238771e+00
4.771770426354481565e+00 1.610847099921128983e-02 4.403942476500523284e+00
4.751635153507158371e+00 3.454665940716537126e-02 4.471862172195852025e+00
4.734463910712207735e+00 1.682943420567032528e-02 4.541252264753283363e+00
4.721116725361555133e+00 1.675118083609561511e-03 4.574771884743873862e+00
4.711548049926416404e+00 -1.153343942626401490e-02 4.617249587870448480e+00
4.692216067572099192e+00 -1.861519087966815797e-02 4.648498999572177937e+00
4.675899228697929289e+00 -9.464607916722211911e-03 4.663396960059835727e+00
4.674279425152191969e+00 1.451581637071735001e-02 4.660746944931788427e+00
4.665454073120004708e+00 3.370456544641786938e-03 4.665749401758899850e+00
4.726140078855785021e+00 1.637633380815817349e-03 4.567541086279224949e+00
4.711189190761859713e+00 1.558790899701696479e-02 4.604128840201218154e+00
4.694284733097686235e+00 1.976653830830965575e-02 4.641416873421890799e+00
4.648955117585545693e+00 -1.094321795310191497e-02 4.307304337853272713e+00
4.750212516906229254e+00 -2.413268578612979415e-02 4.529327677624825021e+00
4.749520528603939695e+00 -2.643043120257950948e-02 4.517489239859215466e+00
4.701330535454327553e+00 1.404468243001106946e-02 4.507733887036448728e+00
4.686099853590710573e+00 -1.533695064385400854e-02 4.654220153896624801e+00
4.708541320346996351e+00 2.413206331838513297e-02 4.464643343144101273e+00
4.766050351063331192e+00 5.106715294420105869e-03 4.383631059078581416e+00
4.666787082925056396e+00 5.682292625047935530e-03 4.664731923540332836e+00
4.673403961466720880e+00 -6.923901856856141263e-03 4.663715831723061811e+00
4.688579649525005166e+00 -1.670276774195336711e-02 4.651975611018348999e+00
4.707850476557629449e+00 -1.304183007898620551e-02 4.622797129360582957e+00
4.719055687124138032e+00 -5.924938729756413537e-04 4.580976645163334027e+00
4.730999927404249128e+00 1.358254664839502780e-02 4.546184884867387588e+00
4.748393514390358838e+00 3.305907792147899649e-02 4.480257760553359780e+00
4.767735695107648830e+00 2.095086807200523607e-02 4.412850875034067144e+00
4.768037842935707538e+00 9.255089767432967199e-03 4.391295520016834431e+00
4.766246917667842808e+00 2.310174680811627468e-03 4.380310548285065053e+00
4.765483902155652984e+00 -2.220850082895493849e-02 4.400921276065687948e+00
4.759158963990220315e+00 -3.633763576951797719e-02 4.473220095044887934e+00
4.729894489352822085e+00 -2.774762495222660250e-03 4.560218571005170141e+00
4.722038102752894595e+00 5.696987410214138410e-03 4.575645730058974792e+00
4.713759852017454399e+00 1.321261504185296080e-02 4.596200531785116006e+00
4.697448401360130532e+00 1.908274036727948542e-02 4.634078812299716965e+00
4.678003220712624532e+00 1.557167352706150323e-02 4.657361547446314809e+00
4.671431150568542634e+00 1.231799793085297523e-02 4.662385324928742136e+00
4.665337832368527948e+00 2.933756048021596285e-03 4.665888443886071713e+00
4.667412260637124888e+00 -4.198467846716624763e-06 4.665023540534998681e+00
4.666143394291458968e+00 1.554699238134382754e-03 4.665529830940528200e+00
4.676458396407557672e+00 -9.944931756566077752e-03 4.663218245430244657e+00
4.680381721090412839e+00 -1.215071824890810032e-02 4.659673420756222484e+00
4.678302237368894723e+00 -1.104059082972965768e-02 4.661691219111404827e+00
4.692971072473071104e+00 -1.889305951563267222e-02 4.647632360951630126e+00
4.697509738819517722e+00 -1.726187651625032959e-02 4.639354428289391485e+00
4.694881494446303982e+00 -1.842544350083793678e-02 4.644226642106467295e+00
4.712181755054735355e+00 -1.117414912707674970e-02 4.615911136703591211e+00
4.714091705708542968e+00 -7.750756492678157090e-03 4.603698054402338258e+00
4.713046273652647500e+00 -9.781965524023840050e-03 4.610751752002219206e+00
4.721588716367046246e+00 2.255042612423974451e-03 4.573236600919214467e+00
4.723364203209370338e+00 5.256449978374710952e-03 4.564935783840196493e+00
4.721999616688433932e+00 3.565756539748221599e-03 4.569118715709192813e+00
4.734945535101917180e+00 1.763997188004079453e-02 4.539843949943628942e+00
4.737092794577367982e+00 2.335775307131757877e-02 4.520737402317137388e+00
4.735380089866225717e+00 2.022574529144349764e-02 4.531896644122991091e+00
4.752390669501425968e+00 3.467575595003058453e-02 4.469178845524075960e+00
4.755093847223235137e+00 3.181636342988403143e-02 4.450180709628156706e+00
4.753136022401672101e+00 3.362428596263838249e-02 4.459839951163243832e+00
4.772049307939266960e+00 1.463010287972057490e-02 4.401841323173018239e+00
4.768155910313120138e+00 -5.870634212888159800e-03 4.374766170011374022e+00
4.765263071784096915e+00 -1.110697274886378663e-02 4.378065688118469190e+00
4.766437561786299071e+00 -8.741516279280858379e-03 4.375345629402030312e+00
4.767799360850824009e+00 -2.541257730965327394e-02 4.408518918329273006e+00
4.764378450988433933e+00 -3.107204316518395043e-02 4.422260317541852004e+00
4.765983495825505400e+00 -2.847561930156428112e-02 4.414885608478035905e+00
4.760640205773656319e+00 -3.746900604782168326e-02 4.464016116111481303e+00
4.760228558059153237e+00 -3.701861290826877898e-02 4.454829454867183181e+00
4.760217245967035105e+00 -3.734276544301368128e-02 4.460076804058687117e+00
4.751970146205130696e+00 -2.823143862399948509e-02 4.513075095223300970e+00
4.750736157088599754e+00 -2.573366725648620554e-02 4.523663861360730287e+00
4.745979860202606204e+00 -1.969345909850299739e-02 4.535276579612925296e+00
4.748249286034607941e+00 -2.200702975103592529e-02 4.532249837358418354e+00
4.725417124906480026e+00 2.483140084210600299e-03 4.569017401146703072e+00
4.710601158620038476e+00 1.598510034192783882e-02 4.605761916822348923e+00
4.706040315816320430e+00 1.706723348075971439e-02 4.614843298812743910e+00
4.708340324193434512e+00 1.660919751018652413e-02 4.610292301515681146e+00
4.693585928156117859e+00 1.981904301986565919e-02 4.642733405289923176e+00
4.688281187107586234e+00 1.845336908056838254e-02 4.647844104001141119e+00
4.691033507745591358e+00 1.925226591743953858e-02 4.645367207545407773e+00
4.673599266838106558e+00 1.428789651591788612e-02 4.661309988168265583e+00
