-6.347330600267481193e-02
-7.339369202026618799e-02
-5.540631372451056136e-02
-4.476722931792218030e-02
-2.684254609672477240e-02
-4.001402503106039898e-02
3.199375055712722071e-02
6.914510246861315101e-01
7.144051450535602310e-01
7.013773670723544296e-01
7.375954195356114740e-01
7.635065328440254762e-01
7.505877501461488688e-01
8.302038412234959974e-01
4.279267559547686339e+00
5.403502931526677600e+00
4.871492572906953811e+00
6.602031922137078901e+00
8.346476419854248263e+00
7.462148842136040017e+00
2.039680454396649054e+02
-1.113253507485479465e+00
-1.150751020666838986e+00
-1.296479989090689067e+00
-1.009733338466960673e+00
-8.820625639760281134e-01
-7.639943398030542010e-01
-8.119090854392781997e-01
-5.878839286988726265e-01
2.623538458317439259e-01
2.193834695066593510e-01
3.051957321846688886e-01
3.483364504810551043e-01
3.258652058951151398e-01
3.875106539106131232e-01
5.670828374506152736e-01
4.518450971166353414e-01
3.766307547597500527e+00
3.386764886542897202e+00
4.387289504154833431e+00
5.196664761427800094e+00
4.831212023248492748e+00
5.976469486486146288e+00
9.612893691262451412e+00
-2.087047585075303857e+00
-2.289969034746939247e+00
-1.966444573444042554e+00
-1.864819292546785690e+00
-1.915929901107984223e+00
-1.747634159921737984e+00
-1.483682658233086649e+00
-1.642475048487053169e+00
-6.110597540458010402e-01
-6.237087096581697132e-01
-5.984940372244810236e-01
-5.796185893226107888e-01
-5.898787040873988419e-01
-5.608536750462841391e-01
-4.738941338130587821e-01
-5.250694611127276756e-01
1.295127048160753525e-01
1.042379949740919187e-01
1.451502031534341597e-01
1.571419329933611830e-01
1.667518657110014790e-01
1.609322809392366993e-01
1.876545592184641065e-01
5.132029789250042162e-01
5.301950099693587548e-01
5.193784706498043580e-01
5.487872323080529302e-01
5.700126709606343489e-01
5.596696668524021590e-01
6.166586296968443737e-01
1.032066288620221650e+00
1.052345030921565838e+00
1.040773167880289840e+00
1.075018408087542232e+00
1.105119948641914540e+00
1.090532045712371501e+00
1.282582750663392668e+00
1.528396362429678668e+01
9.027920518083446311e+00
1.357972021520232886e+01
2.507849358925319905e+01
-1.047612601022525496e+03
-1.873580045801528016e+01
-3.147129922490359988e+01
-5.131019664355599197e+00
3.858765798507450828e-01
3.418398489574806520e-01
4.185232621334906700e-01
4.499295477730281267e-01
4.328852503276302555e-01
4.804013025321002828e-01
5.511809557045762586e-01
7.178533090171405062e-01
-3.665901873929656496e+00
-4.001240728187331008e+00
-3.375086672206116578e+00
-3.144600101305688788e+00
-3.248252998363590827e+00
-2.989760721155519274e+00
-2.557267655610658608e+00
-9.092860633976797002e-01
-9.482649612734819211e-01
-8.914030320228004678e-01
-8.764614610817265117e-01
-8.832530908383628976e-01
-8.585342661233523742e-01
-8.413437972088848582e-01
-8.043244681142505126e-01
-4.357211810758020443e-01
-4.517208802719031580e-01
-4.271447565862999118e-01
-4.157727394632178552e-01
-4.216269528001609923e-01
-4.066266965631729069e-01
-3.891449535745691857e-01
-3.641455821421907824e-01
-4.647131866091041563e-01
-4.028113970190701498e-01
-2.589351169999180025e-01
5.350422127658926996e-02
-8.842542976737066684e-02
3.005503007136560711e-01
1.512420216060235967e-01
-2.035432873759241146e-01
4.565248695047070537e-01
3.818108801076103287e-01
1.394548175750180974e-01
7.220388837216686062e-02
1.718728381301240227e-01
1.567972210025994906e-01
2.403270643029349063e-01
-2.122698071417527046e-02
1.503937787123234004e-01
1.427059339169637897e-01
1.534769714014649622e-01
1.238033758817389668e-01
-2.666075568485639646e-01
3.952123030750218646e-01
4.887200339547590477e-01
4.823036607230953288e-01
4.545794729438480397e-01
-3.512215464869792303e-01
-3.690771181159955283e-01
5.383822262352456756e-01
5.359914710545978789e-01
-5.695307407834230284e-01
-5.696043367533706325e-01
5.214256207713386937e-01
-5.084629149180645014e-01
-5.471778194660311678e-01
5.597697516104566118e-01
5.445704654494903929e-01
-5.873847989841868289e-01
1.811884180231776720e-01
2.129833706682260075e-01
1.626864524409122603e-01
2.433055745353687460e-01
1.775889337497877640e-01
1.081800506230548853e-01
-1.476894784279360051e-01
5.826130024000367724e-01
5.868430450204721316e-01
-6.044754907099765262e-01
-6.049305938589809584e-01
-6.094315532151528547e-01
-4.646164494535001133e-01
-5.561623420834056475e-01
5.079861403966025035e-01
4.511506268782914941e-01
-6.536014370852214483e-01
-7.882845861041631874e-01
7.872948969263875441e-01
7.078236692268181640e-01
6.415276435901645646e-01
6.124895815198792004e-01
-5.912067095490612934e-01
-6.154004551311270665e-01
5.713413514894664091e-01
5.380039476318230207e-01
1.485998936669651049e-01
3.365288460313826668e-01
2.773326876152377163e-01
3.847351767264469147e-01
-7.960659266840915127e-02
-1.901992746550204560e-01
-3.612396261880461701e-01
-6.251824074059861847e-01
-8.100456712223652600e-01
-5.776772520129908051e-01
-5.986616199459521281e-01
5.191512236762254595e-01
4.926038889668573062e-01
-9.659971246026703984e-01
9.752922993083917858e-01
8.974961951553852568e-01
6.164884182959943226e-01
3.075193460206698814e-01
3.092953145379337410e-01
3.111960476490361477e-02
6.174724256288324081e-02
3.988996772568959570e-01
5.485456177371788034e-01
4.785211961227197053e-01
-4.437306572281977113e-01
-3.070393070705191296e-01
-5.119958916310755059e-01
-5.353518735643761906e-01
-6.332885742341776147e-01
-6.982431650749088003e-01
5.852055213307616466e-01
5.707825221679324601e-01
5.853280283445783105e-01
7.476994499738335298e-01
5.439937459259927000e-01
2.152191648746712149e-01
5.250310828473420122e-01
7.729734350270444088e-01
-5.052303117209817618e-01
-6.010547776413107668e-01
-6.725020774866072859e-01
-6.095734842797850828e-01
-1.255829715911525313e-01
-1.014118987760418866e+00
-1.093031550219629944e+00
1.012508958044106455e+00
9.078216527544915593e-01
1.012530874444178330e+00
9.843972889797794057e-01
-1.185815778360811423e+00
6.754004876852826023e-01
7.230623290546752679e-01
-1.203266062223502519e+00
8.342514936447964491e-01
1.051833696421452746e+00
-1.602412868401787094e+00
-1.757724768624025824e+00
7.087022431901117692e-01
8.265057280443152132e-01
4.434635936439578763e-01
-3.249146680933449882e-03
6.721755526746819864e-01
1.072062505144344868e+00
-7.258905880858348425e-01
-7.648824472027739851e-01
-9.374011483068797057e-01
-9.120988989489606791e-01
-3.999658047792395421e-01
-3.500764646040866457e-01
-4.647197750706893449e-01
-6.228315276233227227e-01
1.061977563856066231e+00
1.071174285562928485e+00
1.067335757480737390e+00
-1.809705522798610966e+00
-1.830793547299255364e+00
1.041655497907398864e+00
9.895000414969993274e-01
-1.450234891445435048e+00
-1.822380627179427615e+00
1.096051057895433889e+00
-1.934711105979121104e+00
1.024373934355846449e+00
2.083151123533635851e-01
8.462699600298426161e-02
5.254807282868684953e-02
3.047457588286802688e-01
9.028274195100273181e-01
8.660619729219970475e-01
1.357632919464404342e+00
1.485156753819328213e+00
-1.084932443086679132e+00
-1.378007375490379882e+00
-1.645544181667743189e+00
-2.116104257487539941e-01
-1.059437658083594025e+00
1.161759274193230773e+00
1.113510048002388952e+00
1.180204146188346570e+00
-1.917147567777482742e+00
1.080645672036977478e+00
-2.029133099652230765e+00
-2.045017673379867507e+00
1.059748724551865307e+00
1.113916823547455470e+00
-1.943794439144261865e+00
-2.069794574000039855e+00
-2.227197640964171388e+00
9.148454922542078593e-01
1.286668262770971571e+00
5.434710823066390972e-01
3.947508501300304729e-01
5.474510761559144845e-01
1.105086929574993881e+00
1.526895676528062573e+00
-1.727352921360766347e+00
-1.839758728986537362e+00
-2.128816217958739543e+00
-2.496801249084477092e+00
-1.162913688498991710e-01
-4.159065989967681842e-01
-6.249591630148521038e-01
-8.321183252097493765e-01
-9.427830104000619604e-01
2.865648440681703768e+00
-1.629971582392879537e+00
1.113842844978627733e+00
1.596109710465013043e+00
1.349824022426983738e+00
-2.097863847214672450e+00
-2.328527873226794664e+00
-4.750889729855788168e+00
-2.695799473674293623e+00
-4.156240444051406691e+00
2.159971750963006087e+00
1.189097492530106770e+00
1.188181519062897706e+00
2.006470479776282900e+00
2.190420311233383543e+00
-2.571725075960873408e+00
-2.875172109827272227e+00
1.069197736118288500e+00
2.709163522768514909e+00
-4.173249342832104247e+00
1.772670950429418024e+00
1.327056061277759014e+01
5.467166046256538570e-01
1.586062178100577258e+00
1.574269950100180449e+00
3.580817387554851017e+00
4.646150091544652305e+00
-1.907033861207119985e-01
-1.491793197298255880e+00
-1.989085298520451683e+00
-4.252305201359266817e+00
-2.670365161615564809e+00
-8.824119987372331053e+00
1.281919296620713311e+01
5.924752674608516401e+00
3.315228224634542809e+00
1.740938201353717130e+00
1.376850272094888084e+00
4.079734090230518362e+00
-2.942679639217964827e+00
-4.801342261861078597e+00
-2.443337803570157263e+01
-2.230330113187040908e+01
-2.820883835889992852e+01
1.120623837264494504e+01
1.818171787165911990e+00
9.525521792361751894e-02
-5.985656753945006736e-01
1.219149297398223419e+00
-1.675001655163312009e+00
6.876354197696197446e+01
4.472915754771737973e+00
-3.798573516931212701e+00
3.682006572637670505e+00
-3.466555021646836110e+01
-6.804852844594258876e+00
-4.456058992740718594e+00
-1.805419176506394763e+01
4.816839957603374245e+00
2.812306830469642804e+00
9.036849424532714892e+00
8.904170017642016433e+01
5.065973692716349319e+01
8.340241809593052835e+00
7.131426062413471989e+00
-8.795293187062799944e+00
5.479719597514926477e+01
4.646739526640033535e-01
-1.298788336314736558e+00
-7.074574419031468553e-01
-1.406091111316809306e+00
4.989891950059258896e+00
-1.999828734977712585e+01
-2.939107140155985398e+00
-7.790589313850709630e+00
-4.942980213048917548e+00
-1.055343520139615743e+00
9.600878188052192064e-01
2.514096044807415709e+01
-3.996009774739234022e+00
5.437962153819430711e+00
-4.555060328183818008e+00
1.047359889928900500e+01
6.978915342091005058e+00
2.496990159866265913e+01
6.784824924693702464e+00
-1.514534983884718189e+00
-1.420166019345388664e+00
-9.442267044970454881e-01
-8.850532722265193053e-01
-1.510521374720162457e+00
-9.180133755763834058e-01
-7.543020768615591454e-01
-6.790114046608766163e-01
-1.441616919635667182e+00
6.763487904071813439e+00
5.782944817267084758e+00
5.103097364458616170e+00
-3.782918497122823576e-01
-2.095837932619931454e+00
-7.488762336583172363e-01
1.794256823003059997e+00
-9.147430918215786733e+02
3.995640862000812810e+00
4.817770190836484545e+01
5.642946380121243166e+00
5.173004931177588972e+00
4.587553445621264991e+00
9.371087067898328016e+00
2.872416107002855057e+01
-1.166172148307295586e+01
-5.338898388976607734e+00
8.283883007965705758e+00
3.940214297468755067e+00
8.725960007109755168e+00
2.137596447460402782e+00
-1.629781439754454553e+00
-1.776818728674949277e+00
-6.012580026518820064e-01
-9.468877232101257091e-01
-7.222732400848486112e-01
-6.543660997968389070e-01
-8.876514712537576512e-01
-2.101358110265784784e+00
-1.533525248627112259e+00
-8.660309850311197488e-01
5.303615651439695655e-02
2.860772213284724225e-02
2.652896171430638272e+00
1.413075000617480370e+00
7.862495438517579771e+01
-1.594473311578791197e+01
4.083267286231651028e+00
3.309608445901127016e+00
-1.778257037948046904e+00
-1.105712828318077490e+00
4.346221505812847496e+00
4.794798194593711038e+00
2.508552303326765376e+00
3.989845837438596110e+00
3.711284553499227812e+00
-1.090026272018256925e+01
-3.211044945524691485e+01
-9.048627073907324458e+00
-1.202795500740541312e+00
-1.314375771452003461e+00
3.297141540201813381e+00
1.337193895872122784e+00
-6.657761959738491830e-01
-6.216819149262888811e-01
-6.583410107622394980e-01
-6.483794591744916902e-01
-7.036154728125418867e-01
-5.557203455980155304e-01
-5.070707458394080325e-01
-5.514543050229422372e-01
-5.290324604398576325e-01
-2.930832623367593537e-01
-4.695464852833978742e-01
-2.257014755401134110e-01
1.006436151416842950e+00
3.481169571645881811e-01
1.504047253555363506e+00
1.051293824898805518e+00
3.327712609254585896e+00
-4.357936692360463660e+00
-1.738702898021534793e+01
-7.907060351773941953e+00
-1.128350135743310556e+00
3.481074292134211046e+00
2.192692982195654228e+00
2.720761071109899731e+00
2.024594246636002293e+00
-6.349691439036246887e-01
1.045907539150971344e+00
-5.060601789400938078e-01
-5.297396233634419360e-01
-4.210369892035965012e-01
-3.648936681540619897e-01
-7.695263013256929963e-01
-5.843485254618836500e-01
-6.465775508149638195e-01
-3.952582912563023521e-01
1.073017912301890364e+00
6.513679934334514199e-01
2.874497583195094297e+00
2.538927943493924921e+00
2.781782164634218901e+00
-3.021982668139008066e+00
-4.019618167163799827e-01
-4.086565571218388482e-01
1.850123821846267003e+00
1.219335817935846222e+00
-3.579877782623692717e+00
-1.254606007770315612e+00
-7.263277881254637247e-01
-5.178918504693558189e-01
-2.886843019028733637e-01
-4.027876004153562728e-01
-3.218306318112087450e-01
-2.578883687719372153e-01
-4.499794674303037034e-01
-4.152642286735100940e-01
-3.495423271253775832e-01
-6.375105954510955630e-01
-5.859719419569361376e-01
5.316672664384779479e-01
6.914138527672257784e-01
-4.112863070599742099e-01
-5.403815003226353220e-01
-3.826918848987149735e-01
-4.545818471177425213e-01
-4.122804545037686008e-01
-1.958615971629603103e-01
2.702482796365625051e-01
5.366460508803655438e-01
4.321896072416712697e-01
1.892057845633094704e-01
-1.608137033208943079e+00
-4.926972123310983664e-01
-2.109429252161056645e-01
1.702053660567741433e+00
1.486356715316908828e+00
7.624406407331670854e-01
-2.253295839859668359e-01
1.746906710324543033e+00
9.758465800437052806e-01
-5.866383879645269417e-01
-4.496112638434769382e-01
-3.148178602236006984e-01
-2.465756328929331054e-01
-1.814876895751918184e-01
-2.009146894827020247e-01
-2.917578633376634034e-01
-2.432358044695731580e-01
-5.124187672676971950e-01
7.539827649795397858e-03
2.547733295811769119e-03
1.515580483752000940e-01
1.239828929193982354e+00
2.637539751536058796e-01
3.491328456013782083e-02
-2.754177688055915035e-02
-7.629967656774028217e-02
9.735859777944948501e-01
1.054335198749687619e+00
5.379408140906682956e-01
-5.155933208284042557e-01
-6.935347171164949476e-01
2.131411109641913604e-01
-3.347393326641340816e-01
-2.050988824420484080e-01
-1.898723634881564204e-01
-3.032146665123684470e-01
-2.647621806117746446e-01
-3.625866875720008542e-01
-2.510776846585918154e-01
-1.846995443370938739e-01
-5.786391014124916410e-01
-5.300913533472834116e-01
-6.011200689861855295e-01
3.048582163887212926e-01
5.655984447295804296e-01
3.545205795439647645e-01
-4.595226130549983079e-01
-5.102039674456658735e-01
-3.278950106588464086e-01
-4.418092981622609439e-01
5.114370730121308058e-03
4.348351955437031874e-03
3.249891192298861586e-01
8.124834238700607836e-01
8.316635120826513239e-01
4.712706674629998926e-01
-1.244884811197296548e-01
1.424029013614743766e-01
8.088246933312508435e-01
5.687195100329280883e-01
5.923298121861667598e-01
4.468668367851134082e-01
6.581559586874123902e-01
3.504723028402890184e-01
-1.801662884659920028e-01
-1.248858468276740075e-01
-7.417145226366035626e-02
-1.491524737587388294e-01
-9.317011105568280549e-02
-1.395672846668395695e-01
-1.888819748996133641e-01
-5.567819405291258850e-01
-5.508687393147531086e-01
-2.859236613727958454e-01
-3.491938199512614194e-01
-1.384745664161685652e-01
-1.254702199318649680e-01
3.996184171729092460e-01
4.101122205034031798e-01
3.843379551254355042e-01
5.561030618339791731e-01
3.855510825996721347e-01
3.374636406296669389e-01
2.537108970237258454e-01
1.517917801765358843e-01
2.461842546848873048e-01
2.588538525044259409e-02
-3.589623915031208701e-01
-5.120810527223641495e-01
-1.038496133284284167e-01
-1.043081751889871484e-01
-1.148971670300854286e-01
-5.007090923047626679e-02
-6.880989193359224321e-02
-4.347368901275072139e-01
-1.221704668348545797e-02
-1.182425439240609721e-01
2.428951693128186817e-01
2.802977636508924286e-01
1.274951472051996104e-01
3.675317646815046690e-01
4.328903320511875430e-01
3.656202962950574342e-01
4.523557384787147972e-01
2.363320053043821145e-01
3.867620204690827013e-01
4.395652887401657050e-01
4.550851697668032991e-01
3.430584324472220059e-01
2.338415449356299469e-01
3.536387876343595194e-01
2.601086159891800031e-01
1.625326451353526214e-01
-1.204282321423955689e-03
2.584084832024018952e-01
3.262989232389822414e-01
4.654999033417540621e-01
2.659611422536914960e-01
6.117568142395952979e-02
1.272065026214826144e-01
-3.591851972373025920e-02
4.912745140806924760e-02
-4.854330690635874634e-02
1.155659461900790802e-01
-1.269971028302786624e-02
3.119539155462441871e-02
1.652545067071364837e-02
-1.422798392332004502e-01
-4.664496041823076311e-01
-3.029535361742577426e-01
-2.092879958303819066e-01
-1.952935992216333350e-01
9.086567232884840140e-02
-1.370989558043746448e-01
4.617714278047225368e-02
-7.621211683823238270e-02
1.267211981061755199e-01
1.754472710134864777e-01
4.278980233369951702e-01
4.737919100466803091e-01
6.806609029168395608e-01
2.825637957183025351e-01
2.701175913885014435e-01
2.961644403959788341e-01
3.073527079015166974e-01
4.333771452900486154e-01
-3.840505364568925772e-01
-3.162506087163241553e-01
-2.482712259462401816e-01
7.722777442145861704e-02
1.949469805036865844e-01
2.297792621242622235e-01
4.814643603274579992e-03
8.160519459543075227e-02
-2.935865916441260381e-02
-3.678704725102794337e-01
-3.237151499873800464e-01
-2.324504105758005701e-01
-7.481977235479406185e-02
4.950026914320062588e-01
6.844046802110423933e-01
5.716287137967215326e-01
9.216481605800463939e-01
1.979444470272906098e-01
2.607785595427910587e-03
5.643586993480549374e-01
1.293576530938177260e+00
1.188726000833761232e+00
2.074273500706559081e-01
1.421774930402910052e-02
2.447046271154917213e-02
-2.278205842997966246e-01
-1.489275357884606021e-01
-1.633729417763345876e-02
6.219624658040726617e-01
1.078119388012506175e-01
1.556291207285061540e-01
5.393042227480746020e-02
1.337019658316715709e-01
-3.056386128652401057e-02
3.439125894540631580e-03
7.649546806172453917e-02
-3.175222100411846382e-01
-2.853393751299381775e-01
-2.919987810337805745e-01
-2.550792043342139936e-01
-2.626742897533487775e-01
-3.220763579235931262e-01
-1.292199993073433195e-01
1.331996491500732349e-01
-2.169422838722816216e-01
-1.588820637026829852e-01
1.521870317016745133e+00
1.046056212373022154e+00
8.294638751577244895e-02
-2.482801737046556600e-01
1.551640876598224250e-01
3.378034890542524343e-02
3.305442055915504884e+00
1.375240898241881782e-01
4.724434272178573008e-02
1.805825283553926797e-01
8.270876446498745538e-02
1.611567475309371167e-01
3.028959325843268435e-01
4.779862260298403109e-01
3.284992769435205462e-01
-1.148227456646596679e-02
3.939546173948675623e-02
-1.902156484795042013e-01
-2.959675032845939802e-01
-3.104026860728463788e-01
-3.251271018530419998e-01
-3.862560997190996326e-01
-2.800480994390418532e-01
-3.906584111956185046e-01
-1.704776844246849721e-01
-3.094270872899275160e-01
1.666134691851692162e+00
3.138335005736967531e+01
9.623998248923406607e-01
5.696814171611039868e+00
5.843992165717477150e+00
-6.218462118780926362e-02
-1.936939837328338077e-01
-3.823933962710785450e-01
-1.102738254494721876e-01
-4.478734606534567897e-01
1.585330311327761033e+00
2.476775092090631458e-01
2.654447708491199931e-01
3.435495654064142368e-01
2.175358774776779414e-01
1.213190661582813912e-01
1.872288967129076276e-01
3.697075152552633040e-03
-1.706663187141832239e-01
-2.279560263503765116e-01
-2.648226086093224962e-01
-2.456215860436844201e-01
-4.264686049771759802e-01
-2.520895669892918023e-01
-3.429972024367406447e-01
-5.109210537787826079e-01
-5.020672385366774515e-01
-3.036784608504959349e-01
-5.446831195296967243e-01
-1.320800881981762098e-01
-5.048633121454967343e-01
-5.015514932071039489e+00
-3.785248228384346381e-01
4.322220928499657333e+00
-6.473864627556730866e+00
-4.998080459354461880e+00
6.942787170876461023e-01
1.196662092279236589e+00
5.292716355338024092e-01
3.279752164321109165e-01
5.382976274621816826e-01
7.172563891699144101e-01
5.591780799139247637e-01
2.900824360800497437e-01
9.344977598359811843e-02
2.483681653643483866e-01
1.285236930719400872e-01
1.811118937766800496e-01
-6.892703131476446421e-01
-6.375231339546624243e-01
-8.978814155844140610e-02
-1.382309002845847901e-01
-1.123032383666305034e-01
-3.888878052233967764e-01
-5.014208306360967704e-01
-4.762264094805036541e-01
-4.868129185498020206e+01
-5.666829231312497939e+00
1.824879005151172251e+01
-5.565000279773551384e+00
-3.795763645434928057e-01
-6.999112239222085030e-01
-8.758947775082650544e-01
-5.631519978597666620e-01
-4.115733005692700175e+00
7.150402999851290353e+00
7.282137749058694709e-01
1.339015981242768438e+00
7.718055983646502360e-01
3.256522144707911237e-01
4.428202089791189455e-01
5.080495521594703690e-02
2.070692128439347302e-01
2.492307290769060074e-02
5.978629527864775389e-02
-2.738965995599899061e-01
-6.850781946152635360e-01
-9.915612475450429342e-01
-9.272934959114382814e-01
-6.981660296179614811e-01
-6.858991476601226100e-01
-8.138881584907334821e-01
-3.568371858957969156e+00
-3.798543497722407292e+00
-5.531974092602341964e-01
-5.453708381973000341e-01
-4.945079723176810660e+00
-6.365575687731723775e+00
-8.641882259740670813e-01
-1.300904652964365305e+00
-4.404994793916522156e+00
-3.519608448890788832e+00
-7.685524286737640542e-01
-9.292297841332507469e-01
1.760222795487908387e+00
4.735849970214587756e+00
1.465498622542879659e+00
2.290191604942134251e+00
1.735943252096804112e+00
3.820826539662671717e-01
6.204899619048850345e-01
7.643890214874264899e-01
3.594415207639141685e-01
-6.613488233612879741e-01
-6.883112801654803214e-02
-3.670163622283956761e-01
-4.672265902562836581e-01
-7.965450334543066058e-01
-3.994639553596367243e+00
-2.835009232076029839e+00
-7.918757830411875531e-01
-1.103831298003501438e+00
-1.037754847366336719e+00
-1.324757345438593470e+00
-7.876075990580744257e-01
-1.160435694924998318e+00
-3.057612293653658497e+00
-3.327200354901055590e+00
-3.192416164410365464e+00
-9.503249861536751109e-01
-1.359283282325501663e+00
-2.199793687458158509e+00
1.982994546144492887e+00
8.972438360499923604e+00
-8.792475356672360132e-01
-1.164174583814115982e+00
3.306143016083477604e-01
-3.245719217256758604e+00
-3.029277936860206744e+00
-2.860756898578074470e+00
-2.857294923976792855e+00
-1.031015666342493864e+00
-1.436117856268988469e+00
-1.089236253451843606e+00
-4.063403537914348718e+00
-1.812025354694704493e+00
1.237371174410877117e+01
1.791764000472290945e+03
3.940794885887628496e+00
-1.461521617592913991e+00
-2.442608343293191098e+00
-7.799320026958310059e+00
9.423284148373396452e-01
1.473903405759636742e+00
-9.465438698604611290e-01
4.995906077490399055e-01
-8.285711194633391119e-02
2.052675617673436204e+00
-1.384872915852831898e+00
4.704926982912617461e+00
-2.865878510316638206e+00
-2.686273007076551700e+00
-2.243054907552550326e+00
-2.020246419262367255e+00
-1.411023925127993905e+00
-2.560662361948275567e+00
-1.722897099541744526e+00
-4.086328446740337128e+00
-2.728583168885540644e+00
-1.473959913257821608e+00
-1.718817630824946097e+00
-1.538531548165122498e+00
-2.380515219828112095e+00
-4.563770097823059757e+01
-3.964216005123991415e+00
-2.855569366839628920e+00
3.736366726323724574e+00
9.487400814176824682e+00
1.147945631956162726e+00
-1.157955642660266804e+01
4.450944702747883230e-01
-4.871058298943132137e+00
3.231600304139484514e+00
-1.935403441984817619e+00
2.115003592867051907e+01
1.146258303749900120e+00
1.863441904185844544e+00
-1.806164186226562274e+00
-2.029606765646612132e+00
-1.472814431366614274e+00
-1.069042961773902123e+00
-2.718210759122649645e+00
-2.009813043355232143e+00
-1.983962894475978622e+00
-3.815927046366445552e+01
-5.468317368672784617e+00
-3.214909795195766584e+00
-2.584718494821411472e+00
-1.519248952532527452e+00
-2.146831150496817386e+00
-2.410587445507972770e+00
-1.534939192382418494e+00
-6.112320287551486153e+00
-4.119163091055096970e+01
1.229566318090256738e+00
-1.074002511514548530e+01
-7.192820941397726209e+00
-1.731791418262923266e+00
-1.060372935994939425e+00
-3.881570253419271310e+00
2.652292429045437494e-01
3.177376826976123225e-01
5.781907557788990015e-01
-1.081119808938167726e+00
-1.177905203616108842e+00
-5.786458405399647731e+00
-4.557710699995800141e+00
9.042940366721943235e+00
1.192707553783861485e+01
-1.903853702419171512e+00
-1.414246154202115857e+00
-1.003566471958349471e+00
-4.523654321596384165e+01
-7.631212747309660038e+00
1.868241853120920837e+01
1.734961796838338843e+00
3.050635834708878669e+00
-2.239616276279402740e+00
-9.012223643497050407e-01
-7.549329941940353672e-01
-1.348518410045926208e+00
-7.980857762195809890e-01
-9.018729436874811656e-01
-5.108524991974258134e-01
5.451480388069309679e-01
7.986845421918735699e-01
-3.396372234346549224e+00
-1.023575843208482050e+00
-1.223694862541990114e+00
-1.397976894985186735e-01
-1.678980714549489772e-01
-1.245927005366628121e-03
-1.303382169771446275e+00
-9.590531801007682322e-01
-9.161959587417841666e-01
-3.028082031453294221e+01
-7.234723040648168180e+00
8.108789321482175794e+00
-9.561908542116650533e-01
-1.230527794535863695e+00
-9.067979150793952225e-01
-1.039757278721472389e+00
7.758212499766933945e+01
3.358736573874110842e+00
5.632047876848483625e+00
1.759744177394628961e+00
-1.225038128945471705e+00
-7.021247589284600465e-01
-4.519253930639801631e-01
-9.632344245682705752e-01
-9.154415244983937772e-01
-8.935706447832776345e-01
4.950110994545451781e+00
5.024690144853033225e+00
-3.832163361201832430e-01
-3.499851426369304241e-01
-2.003664734923020496e-01
1.374822573780809520e-01
2.071690718884873772e-01
-9.018165101609747492e-01
-9.055573562594685377e-01
6.266910313244571817e+00
-8.856941021884603416e-01
1.326600630814328774e+01
1.473510286539353586e+01
8.625518114633470290e+00
-8.924904509422226795e-01
-8.044311568253456057e-01
-7.976451071782034719e-01
2.694340502230063272e+00
4.130126922902704223e+00
1.307435824037301852e+00
1.610175929303077513e+00
-5.634366958455817587e-01
1.293799934712868138e+00
-2.319776227168066363e-01
3.361619938399908469e-01
7.282472260699442979e-01
-8.883795449509849229e-01
7.617634670604384262e+00
-8.776261054070986223e-01
-8.079804528254493912e-01
2.307857907165155709e+00
4.341889278150453890e+00
-8.261004157571065487e-02
9.220647031886639033e-02
6.001796948196520987e+00
5.996015563695611839e+00
6.206335129488906865e+00
-8.683835688116874341e-01
-8.741019353311989537e-01
-6.661018924962620602e-01
-5.581491417942793243e-01
-5.602214321231733241e-01
1.304858293527861202e+00
1.691085844269007765e+00
8.879202985671890147e-01
-3.294575676760169158e-01
-3.382146176679447502e-01
9.394158801969233474e-01
8.409512617939519652e-01
5.029321895753994021e+00
-8.634477486068010688e-01
-8.373603864415548603e-01
1.381076483630779395e+00
-7.315961611337433723e-01
1.012736753066872497e+00
9.280608510371051167e-01
-7.259615242550856440e-01
3.559670801642448534e+00
2.595564705292363605e+00
3.285361826380106987e+00
1.831697889428383741e+00
-7.163384586081514849e-01
-6.701286921713032196e-01
-5.089587517503223468e-01
-4.998642257892152996e-01
-4.497983494314287123e-01
-4.077770019945560764e-01
9.859027422520318940e-01
6.994803999824308338e-01
-1.513457998526035186e-01
3.833309787046030315e-01
5.345269072641011254e-01
-4.657304289630651841e-05
1.516160664771438737e-01
1.105004345259182452e+00
7.828629323485016833e-01
7.638285781852103273e-01
7.853108125547103580e-01
-5.097398908499014558e-01
-4.641813062913726085e-01
-4.154268882814885488e-01
-3.855236737674305747e-01
-2.702225359155491224e-01
-3.511673513201516994e-01
5.590539665238762890e-01
6.851636517926903425e-01
4.905050552603968383e-01
8.293661463916308652e-01
-6.708846780127809828e-02
-1.815689076175103570e-02
-6.989411752731222727e-02
2.442813785269938032e-01
3.017434567829098135e-01
2.700771544230402998e+00
1.782268386688671713e+00
-6.389317888468739604e-01
6.583838758710296446e-01
6.986383887366091061e-01
-4.412184720210022282e-01
-4.192846860134031295e-01
-5.667088220838439883e-01
-4.536774621813522979e-01
-2.962080671369089480e-01
-1.906697392042578654e-01
-1.364821211991191496e-01
4.162506158817539381e-01
2.495121006186804269e-01
3.717530766155183741e-01
7.231630737846097556e-01
7.650680610762201628e-01
5.978575935638205663e-02
-4.497146389132232192e-01
-4.238597019145869393e-01
8.233492604475154408e-01
8.740656601670114823e-01
1.012433232327253352e+00
1.254080431926595018e+00
-4.755445827070424181e-01
-5.557347546349589162e-01
5.775269209702105222e-01
6.832442932198383723e-01
-4.087789227366456779e-01
-3.598235497030892738e-01
-4.313458854018649702e-01
-4.375398569581770425e-01
-4.326408443547187233e-01
7.795825505631376329e-01
7.862842870706466814e-01
-1.858160945622020499e-01
-5.424206395987804519e-02
8.027927555078909205e-02
1.792727498614126724e-01
-2.670098852562395944e-02
1.054177066502697546e-01
1.683670846974963040e-02
-4.208045204065771761e-01
7.326952636515118300e-01
7.515093522990275998e-01
-4.021788333472824384e-01
-3.831708797529495558e-01
7.030148872018875394e-01
-4.103618049362691700e-01
-4.112859762641405403e-01
7.253533445347651876e-01
7.217143791907063566e-01
-3.070800491662865617e-01
-2.966558184767235096e-01
6.566179566544008139e-01
5.987552942814219348e-01
6.422984398898657910e-01
4.861191767156049504e-01
-2.462154233279222337e-01
-6.205203160583795674e-02
-1.225486683812848816e-02
-5.521985527103194513e-02
-4.923884867102229501e-02
-1.245282998539870706e-01
1.606387565479633073e-01
-1.223634427909540620e-02
-4.287996783114954996e-02
-5.895463607295736014e-02
-8.567663490777402413e-02
5.992873891810475140e-01
4.634641458023188165e-01
-2.182396546685846650e-01
-4.992796382335679822e-02
2.968895418082707627e-01
-9.601111598928574464e-02
-1.616282875725312262e-01
