3.67479450
3.63232700
3.65978219
3.66450845
3.65681200
3.63404140
3.63946545
3.65941176
3.62805692
3.62990903
3.66392815
3.65278355
3.63297442
3.67555859
3.67117895
3.63907304
3.63219175
3.67690743
3.64840148
3.67674061
3.65776154
3.67114379
3.67325269
3.64494664
3.67028197
3.67222585
3.67474416
3.65503149
3.62917249
3.62934264
3.62744366
3.65285230
3.64374419
3.62525786
3.66564785
3.66225865
3.66900350
3.66359049
3.63010111
3.65544233
3.67601440
3.64420473
3.64681189
3.62798510
3.66479845
3.63115464
3.66705089
3.63026778
3.67632730
3.62932078
3.62734738
3.67556930
3.67619804
3.67660401
3.62568552
3.65421274
3.65493965
3.67459139
3.64141204
3.62517018
3.63146201
3.64232717
3.65619084
3.67691883
3.63075521
3.67618564
3.66473986
3.67658510
3.62511641
3.62949989
3.67637808
3.63277739
3.66467811
3.62565848
3.65436002
3.66451116
3.65533773
3.64350675
3.63852006
3.62535602
3.65558018
3.65135938
3.62488805
3.64020994
3.62911065
3.63833544
3.64906530
3.65994218
3.67015997
3.67546679
3.67611704
3.67768195
3.65056845
3.65967598
3.66951056
3.64376045
3.62544907
3.66545711
3.62480717
3.62887890
3.63797026
3.64872699
3.65953882
3.66981593
3.67530474
3.67634492
3.67767380
3.65107391
3.66011706
3.66985480
3.63324037
3.62574619
3.67218182
3.64031131
3.67633521
3.67664373
3.67615835
3.66737576
3.64542079
3.67413415
3.64328428
3.62647335
3.64572819
3.63258274
3.67195322
3.63627276
3.63202049
3.66368923
3.67288452
3.67579391
3.62486327
3.63157885
3.66368756
3.63120372
3.67415184
3.62566201
3.66949354
3.63313765
3.63925545
3.62621031
3.67512705
3.62832183
3.66144700
3.65139042
3.62632603
3.62598912
3.63799259
3.63226351
3.63521240
3.66464523
3.63461843
3.65676719
3.62530544
3.63078698
3.63851969
3.63332687
3.63868188
3.67348018
3.66464614
3.64072753
3.63328810
3.62578093
3.67027914
3.64937011
3.63623114
3.62953530
3.64127691
3.63425907
3.64679532
3.66576561
3.67627975
3.64769937
3.62610119
3.67168722
3.67355593
3.66196271
3.66791906
3.64137698
3.63657985
3.67384742
3.63122121
3.63906905
3.65572349
3.63058667
3.67549090
3.63436267
3.67382856
3.62481238
3.62606918
3.67637853
3.62703565
3.63589158
3.65121841
3.62974432
3.67496875
3.62497931
3.62700191
3.67408099
3.62698393
3.62691606
3.66423281
3.66085488
3.65940949
3.63368274
3.66871961
3.62622952
3.63389016
3.66978051
3.67256929
3.62626124
3.62875125
3.65195988
3.63671949
3.67071984
3.64718469
3.63249616
3.64691694
3.66308405
3.63409002
3.62542412
3.64902515
3.62807825
3.65209058
3.65623480
3.64640829
3.67149086
3.67238557
3.66248746
3.64280933
3.66919921
3.67463650
3.65502834
3.64257808
3.63992811
3.65256569
3.63084599
3.62837365
3.62973813
3.62667886
3.65123601
3.63063624
3.67439991
3.63125925
3.65118035
3.62702580
3.63302816
3.64945639
3.64455832
3.63433399
3.65204251
3.64500050
3.67671795
3.63804023
3.66538827
3.64893066
3.62627711
3.64291426
3.65585915
3.64871332
3.66184965
3.67569335
3.66974226
3.66550899
3.62548261
3.62892911
3.67603956
3.63635675
3.62549997
3.63271442
3.62598547
3.65950018
3.67526306
3.62677100
3.66012446
3.66982648
3.63799598
3.67761814
3.66934498
3.66804066
3.67103717
3.62889371
3.65909726
3.65691174
3.67212308
3.65912282
3.62544504
3.66935038
3.63338228
3.67074057
3.62626326
3.63902024
3.66999626
3.65160782
3.66044735
3.63779653
3.63437479
3.63595916
3.67748311
3.66799128
3.65129133
3.66926636
3.62954376
3.63735748
3.67256606
3.62766234
3.63321831
3.67479133
3.67122601
3.64667858
3.64802725
3.63008517
3.63253312
3.63528470
3.62491675
3.63206116
3.65309710
3.66724426
3.63913988
3.66185439
3.62792745
3.67716489
3.67612469
3.65053504
3.67077895
3.63844580
3.67617231
3.67273447
3.64978503
3.64285390
3.66281502
3.65533799
3.65997258
3.64913492
3.62583575
3.65601963
3.66639103
3.62495692
3.64147324
3.67050808
3.67470955
3.66346870
3.63153381
3.62550239
3.67633286
3.66038931
3.63357172
3.63723447
3.63991123
3.63642468
3.62489791
3.67579333
3.67544270
3.63917294
3.63696895
3.64715965
3.62790602
3.63909380
3.63599240
3.65134666
3.66043685
3.65063387
3.65740945
3.65934377
3.67307506
3.62798057
3.64313627
3.67712788
3.67502134
3.63515433
3.63482505
3.67675434
3.66741318
3.62868291
3.62556785
3.64803822
3.62670628
3.64076389
3.65536529
3.65686497
3.63336136
3.63504510
3.66687562
3.67586784
3.66406112
3.66193323
3.63113792
3.64342398
3.66271167
3.65111481
3.67178343
3.65371544
3.64316139
3.67181492
3.64847655
3.65312788
3.65796355
3.63228859
3.62755207
3.62487236
3.63294883
3.66868942
3.62756045
3.67350082
3.67628845
3.62862444
3.64375374
3.63325586
3.65837881
3.63482522
3.67331576
3.63291644
3.67050663
3.63117928
3.63720120
3.62936907
3.66107749
3.67735434
3.64509915
3.67541257
3.67634628
3.67088606
3.65704694
3.62524346
3.67681529
3.65524774
3.63692939
3.65866216
3.66744114
3.67404538
3.62563482
3.62525209
3.65105472
3.62956554
3.62782811
3.62878909
3.67705746
3.63343393
3.67155305
3.62878585
3.67466770
3.62963926
3.67446072
3.63869588
3.64341898
3.64166934
3.62985538
3.66350047
3.66166826
3.65392812
3.63785996
3.63328651
3.64136101
3.67602815
3.64898975
3.67005581
3.67688282
3.65998056
3.62909496
3.67541092
3.67708867
3.65984778
3.65975784
3.66955880
3.64915945
3.63593457
3.63828556
3.62540357
3.67764937
3.67446243
3.65648635
3.67647392
3.67658026
3.62581575
3.64073717
3.63943944
3.63313358
3.62549427
3.65409939
3.62658597
3.66586048
3.66941282
3.62969508
3.65062219
3.62884105
3.62836742
3.66969008
3.65940692
3.63787825
3.66993295
3.66023583
3.67764230
3.66193330
3.64862659
3.67524003
3.63353709
3.63385841
3.67448369
3.67614200
3.67079478
3.62914869
3.63719935
3.62581240
3.64864149
3.62807780
3.65930446
3.67691944
3.63318121
3.62849871
3.63852260
3.62777848
3.65271415
3.66970409
3.63810238
3.64986063
3.66023034
3.67019022
3.67197969
3.62516655
3.65578592
3.67719498
3.67738074
3.64774596
3.63905780
3.63331297
3.65104356
3.66867302
3.63030916
3.64113804
3.66775008
3.63385976
3.67551489
3.65697081
3.66147729
3.62805239
3.63400281
3.66086420
3.63341005
3.63459151
3.62494738
3.63129591
3.65807742
3.66807305
3.63968308
3.63038549
3.63026013
3.67317395
3.62977787
3.65248088
3.63426730
3.67235923
3.62994920
3.65014275
3.64821486
3.63183684
3.62564550
3.67503820
3.64272383
3.64972646
3.67093712
3.65089305
3.65370986
3.62908799
3.62481747
3.66797693
3.67528911
3.64914873
3.66074272
3.64806231
3.67649231
3.62487292
3.62565928
3.67023478
3.63976178
3.64764365
3.64958231
3.67500245
3.65058076
3.67696072
3.63266144
3.62951707
3.62888079
3.67427451
3.62904905
3.66011455
3.63930655
3.67536358
3.64045261
3.67728065
3.65169228
3.65716375
3.62872263
3.66736364
3.66181691
3.67590539
3.66909961
3.63838839
3.63878651
3.65926484
3.63696057
3.65094319
3.67741904
3.63923042
3.64860887
3.67475103
3.67519005
3.64805915
3.65661342
3.66688849
3.62722651
3.65668071
3.64053659
3.62511671
3.63105674
3.62525071
3.63197042
3.65010205
3.67575008
3.62933163
3.65047903
3.67121283
3.67098645
3.62523780
3.65716299
3.67749295
3.66196086
3.67569452
3.63144183
3.65874733
3.66088982
3.62924201
3.65840845
3.66845815
3.63938972
3.66359568
3.62922852
3.64973021
3.64931333
3.67039278
3.66081996
3.63933625
3.66700799
3.62940836
3.67755555
3.67548919
3.66022825
3.65924019
3.66913481
3.62537372
3.63873210
3.66850330
3.63356602
3.64569689
3.65849111
3.63338690
3.63058545
3.63739814
3.63925324
3.62910980
3.63104342
3.62901121
3.65540964
3.67531382
3.63302702
3.66520712
3.66630570
3.64852455
3.66423131
3.64849084
3.63355714
3.64982868
3.66816446
3.67411172
3.66231212
3.63850279
3.62508027
3.62726825
3.64991805
3.64049708
3.64238432
3.65825828
3.62887399
3.64505866
3.62524541
3.63912843
3.67076192
3.63142414
3.67756719
3.67566445
3.66068208
3.62977515
3.65872259
3.66871282
3.63912376
3.67555791
3.63624751
3.66707673
3.65421158
3.63855361
3.63486565
3.64974503
3.62847863
3.67395244
3.65177592
3.65052648
3.63325501
3.66908990
3.63269550
3.63007185
3.64294059
3.64769984
3.66654584
3.63700339
3.66840562
3.66416031
3.64864581
3.62918727
3.67392936
3.63052649
3.63232245
3.65666867
3.64086138
3.66167319
3.63920360
3.64658764
3.64792290
3.63407270
3.65827581
3.65064860
3.63042654
3.62914271
3.67654699
3.65373133
3.63954789
3.64011983
3.64850185
3.65177664
3.66654112
3.63348327
3.63304453
3.63464568
3.62990936
3.62922427
3.66277868
3.67297384
3.65754737
3.63334613
3.63873507
3.66701307
3.63543050
3.67553976
3.64094678
3.63375686
3.65270747
3.66980411
3.66072027
3.63558627
3.63351614
3.63235842
3.66753352
3.62890428
3.62491628
3.64705300
3.64543217
3.62564620
3.67221889
3.65206871
3.63885492
3.63960302
3.62943130
3.62496212
3.67652664
3.63932379
3.63060118
3.66285159
3.63362037
3.62540771
3.62484774
3.62481990
3.62894306
3.63808732
3.64884307
3.65968483
3.66994702
3.67537540
3.67628371
3.67769224
3.65089481
3.65997415
3.66974946
3.66227687
3.67347607
3.63384044
3.67488190
3.67657637
3.62988703
3.62511308
3.66370630
3.62958941
3.64915839
3.63375066
3.62509801
3.63577529
3.63846576
3.62910180
3.67301034
3.64382508
3.63068934
3.63921476
3.65216688
3.67672634
3.63343218
3.66488818
3.63370262
3.65043078
3.64784323
3.63916188
3.63808344
3.63949714
3.65016265
3.62936316
3.67664393
3.65274025
3.62945102
3.65288324
3.64832675
3.64725794
3.62923086
3.63540740
3.63434160
3.62531279
3.62496318
3.62928419
3.63859092
3.64929845
3.66019223
3.67036720
3.67554112
3.67593999
3.67765476
3.65028884
3.65936429
3.66925421
3.63008934
3.63916202
3.63832844
3.64059292
3.67226256
3.63418022
3.62495184
3.67739783
3.67589315
3.67147498
3.66161885
3.65077173
3.64014029
3.63038204
3.62545259
3.62483170
3.62509800
3.62877513
3.63403873
3.64861658
3.65249033
3.65750904
3.66766313
3.67486362
3.67665486
3.67769532
3.67722809
3.67750062
3.67542945
3.67418776
3.67491617
3.67006327
3.66768805
3.66909035
3.65982068
3.65722437
3.65876048
3.64895939
3.64678220
3.64813407
3.63820969
3.63619108
3.63739893
3.62902163
3.62808986
3.62864492
3.62484702
3.62537551
3.62613658
3.62568884
3.62937095
3.63042144
3.62986891
3.63326257
3.63267605
3.63305233
3.63785710
3.63872895
3.64077011
3.63986664
3.65072531
3.65982474
3.66211909
3.66079767
3.66963305
3.67120567
3.67031728
3.67620672
