361 384 360
383 360 384
82 54 67
422 383 384
422 421 383
422 442 421
192 179 166
412 423 411
412 424 423
33 34 44
6 322 5
349 361 360
349 335 361
25 33 24
25 34 33
216 236 215
8 116 115
84 82 67
284 285 316
268 234 269
268 250 234
251 215 236
399 427 426
399 400 427
572 561 562
430 466 429
470 406 452
470 484 503
470 452 484
441 421 442
441 420 421
558 582 581
355 312 376
355 343 312
403 355 376
237 236 216
485 505 484
367 393 314
167 166 179
32 33 44
32 23 24
32 24 33
41 59 71
443 423 424
443 444 460
443 424 444
461 460 444
461 462 478
445 463 462
445 462 461
445 461 444
479 478 462
479 462 463
580 569 570
580 592 591
580 570 592
204 176 177
163 177 176
163 149 150
334 335 349
334 6 335
334 322 6
334 321 322
371 360 383
371 383 382
17 9 26
17 26 34
17 34 25
201 216 185
175 186 201
175 201 185
83 114 100
83 84 7
83 100 82
83 82 84
132 100 114
101 7 8
101 83 7
101 114 83
101 8 115
101 115 114
136 152 135
270 237 253
270 283 237
311 268 269
311 269 312
311 312 343
252 251 236
252 236 237
252 237 283
229 212 230
229 230 247
229 228 211
229 247 228
208 192 166
193 208 166
193 209 208
446 426 427
446 445 426
446 463 445
428 429 447
428 447 446
428 446 427
388 400 399
388 372 400
388 365 372
398 363 387
398 387 388
398 388 399
413 424 412
413 399 426
413 412 398
413 398 399
513 15 512
493 515 514
493 494 515
493 513 492
493 514 513
530 514 531
530 15 513
530 513 514
465 447 429
465 429 466
498 467 499
498 497 496
516 515 494
516 533 515
549 561 548
549 562 561
532 531 514
532 514 515
532 515 533
532 549 548
532 533 549
535 497 498
535 498 499
534 550 562
534 562 549
534 549 533
534 516 497
534 533 516
534 497 535
534 535 550
448 467 498
448 498 496
448 496 466
448 466 430
416 401 390
416 430 401
416 448 430
539 521 522
540 570 569
540 569 539
540 539 522
523 541 540
523 540 522
504 503 484
504 484 505
504 521 503
504 522 521
504 505 523
504 523 522
502 481 519
502 501 481
554 537 555
435 433 392
459 489 458
459 441 442
459 458 441
511 3 510
476 458 489
571 541 558
571 540 541
571 570 540
571 558 581
571 581 592
571 592 570
524 523 505
524 541 523
529 510 3
526 525 507
354 343 355
366 393 392
366 314 393
404 402 403
404 433 450
391 392 433
391 433 404
391 404 403
391 403 376
391 376 366
391 366 392
375 355 403
375 354 355
375 402 390
375 403 402
520 521 539
482 519 481
482 481 450
482 520 519
469 450 481
469 481 501
506 505 485
506 524 505
506 507 525
506 525 524
453 484 452
453 485 484
453 417 436
453 452 417
410 383 421
410 382 383
410 421 420
410 420 419
357 369 368
296 295 283
296 270 297
296 283 270
394 393 367
344 356 367
344 295 296
344 314 295
344 367 314
437 438 436
437 436 417
385 362 350
397 411 396
397 412 411
397 398 412
397 363 398
306 340 339
293 292 278
246 228 247
336 350 362
351 337 338
351 363 350
351 350 336
351 336 337
86 68 69
70 56 57
70 69 56
153 167 179
153 137 167
138 137 117
138 167 137
42 59 41
42 23 32
72 60 91
72 59 60
72 91 125
158 183 171
108 125 91
491 479 492
491 478 479
491 16 478
491 512 16
491 492 513
491 513 512
579 580 591
579 569 580
588 596 1
588 1 595
190 191 206
190 222 189
178 151 135
205 189 222
205 222 221
205 220 204
205 221 220
164 177 163
164 178 177
164 151 178
164 163 150
358 380 369
333 334 349
333 320 321
333 321 334
27 18 10
27 26 9
27 9 18
217 216 201
217 253 237
217 237 216
28 20 29
28 19 20
45 44 34
235 234 250
235 215 251
235 251 234
198 250 214
198 235 250
76 94 63
76 63 64
81 82 100
161 186 175
131 149 113
131 150 149
131 132 150
134 135 151
134 136 135
134 116 136
134 115 116
134 151 115
162 163 176
162 176 187
162 149 163
162 161 149
162 187 186
162 186 161
203 218 187
203 220 219
203 219 218
203 187 176
203 204 220
203 176 204
256 257 285
256 221 257
256 219 220
256 220 221
254 270 253
254 253 218
254 218 219
197 214 183
197 198 214
197 172 198
197 158 172
197 183 158
194 212 229
182 171 183
310 311 343
310 329 309
310 354 329
310 343 354
233 214 250
233 250 268
213 232 196
213 196 182
213 182 183
213 183 214
213 214 233
213 233 232
231 212 196
231 196 232
231 248 230
231 230 212
282 283 295
282 252 283
282 295 314
207 192 208
168 166 167
168 193 166
415 429 428
415 430 429
415 401 430
364 388 387
364 365 388
364 339 340
364 340 365
308 309 329
308 328 307
342 308 329
342 328 308
341 365 340
425 426 445
425 413 426
425 445 444
425 444 424
425 424 413
495 466 496
495 465 466
495 494 465
495 496 497
495 497 516
495 516 494
464 479 463
464 447 465
464 446 447
464 463 446
547 532 548
547 531 532
552 563 551
536 550 535
536 563 550
536 551 563
536 535 499
536 500 551
536 499 500
573 562 550
573 550 563
573 572 562
573 583 572
431 467 448
431 448 416
431 449 467
431 402 449
431 390 402
431 416 390
518 502 519
518 555 537
518 537 502
553 537 554
553 552 551
451 406 470
451 470 503
488 489 511
488 476 489
488 511 510
508 507 472
508 526 507
454 436 438
454 438 455
454 453 436
471 472 507
471 507 506
471 506 485
471 485 453
471 454 472
471 453 454
440 419 420
440 420 441
475 476 488
542 558 541
542 541 524
542 524 525
544 525 526
374 390 401
374 375 390
374 354 375
374 329 354
374 342 329
468 449 469
468 469 501
468 501 500
468 467 449
468 499 467
468 500 499
432 404 450
432 450 469
432 469 449
432 449 402
432 402 404
346 369 357
346 358 369
331 316 317
331 317 346
331 346 357
345 368 356
345 357 368
345 356 344
345 344 296
345 296 297
405 435 392
405 392 393
405 393 394
405 394 406
405 406 451
405 451 435
407 406 394
407 452 406
407 417 452
409 438 437
386 396 385
386 397 396
386 385 350
386 350 363
386 363 397
260 242 261
260 261 290
276 290 261
276 261 277
276 14 290
243 242 225
243 261 242
305 278 306
305 293 278
305 306 339
305 339 338
266 246 247
265 246 266
323 336 362
326 305 338
326 293 305
326 338 337
326 337 325
352 351 338
352 364 387
352 387 363
352 363 351
352 338 339
352 339 364
55 69 68
55 56 69
58 41 71
58 70 57
58 57 21
58 21 41
11 119 102
11 103 119
11 85 103
118 138 117
118 117 102
118 102 119
43 42 32
43 32 44
43 44 60
43 60 59
43 59 42
22 41 21
22 42 41
22 23 42
90 125 124
90 72 125
90 71 59
90 59 72
147 172 158
147 127 128
146 125 108
146 124 125
146 158 171
180 169 155
142 155 141
89 58 71
89 70 58
477 460 461
477 461 478
590 579 591
568 569 579
589 588 567
589 567 568
589 568 579
589 596 588
589 590 596
589 579 590
238 221 222
238 257 221
272 285 257
298 317 316
298 316 285
298 285 272
298 272 299
188 177 178
188 189 205
188 204 177
188 205 204
165 178 135
165 135 152
165 189 188
165 188 178
165 152 191
165 191 190
165 190 189
133 132 114
133 151 164
133 150 132
133 164 150
133 114 115
133 115 151
347 348 358
347 346 317
347 358 346
370 380 358
370 358 348
370 348 371
370 371 382
359 333 349
359 349 360
359 360 371
359 371 348
202 217 201
202 201 186
202 218 253
202 253 217
202 186 187
202 187 218
30 28 29
30 49 28
48 49 64
48 28 49
74 75 92
93 75 63
93 92 75
93 63 94
199 215 235
199 235 198
130 96 97
130 111 96
110 127 92
110 128 127
110 93 94
110 92 93
53 52 40
79 97 96
79 96 78
66 53 54
66 52 53
66 54 82
66 82 81
112 113 149
112 149 161
112 97 113
112 130 97
99 131 113
99 81 100
99 100 132
99 132 131
271 297 270
271 270 254
271 284 297
255 285 284
255 256 285
255 284 271
255 271 254
255 219 256
255 254 219
170 156 194
170 155 142
195 182 196
195 194 156
195 196 212
195 212 194
157 195 156
157 182 195
281 232 233
281 310 309
281 311 310
281 268 311
281 233 268
313 312 269
313 269 234
313 234 251
313 251 252
313 252 282
154 167 138
154 168 167
154 169 168
210 193 168
210 211 228
210 180 211
210 168 169
210 169 180
414 415 428
414 427 400
414 428 427
414 400 372
280 308 307
280 309 308
389 414 372
389 401 415
389 415 414
353 328 342
353 341 328
353 389 372
353 372 365
353 365 341
327 307 328
327 328 341
327 340 306
327 341 340
480 492 479
480 479 464
480 493 492
480 494 493
480 465 494
480 464 465
517 500 501
517 502 537
517 501 502
517 537 553
517 551 500
517 553 551
574 563 552
574 573 563
574 584 583
574 583 573
538 520 539
538 519 520
538 518 519
564 552 553
564 553 554
564 565 576
564 554 565
566 554 555
566 565 554
578 565 566
578 567 588
578 566 567
577 576 565
577 586 576
577 594 593
577 593 586
585 586 593
483 451 503
483 520 482
483 503 521
483 521 520
509 510 529
439 419 440
439 440 456
439 455 438
439 456 455
457 456 440
457 475 456
457 441 458
457 440 441
457 458 476
457 476 475
487 488 510
487 475 488
4 546 528
4 528 509
4 509 529
543 542 525
543 525 544
543 544 559
543 559 582
543 582 558
543 558 542
560 559 544
545 528 546
545 544 526
545 546 560
545 560 544
315 331 357
315 357 345
315 345 297
315 297 284
315 284 316
315 316 331
408 437 417
408 417 407
408 409 437
418 419 439
418 438 409
418 439 438
378 369 380
378 368 369
304 276 277
304 277 292
304 326 325
304 292 293
304 293 326
291 13 14
291 14 276
291 304 325
291 276 304
226 208 209
226 207 208
226 225 207
226 243 225
264 265 278
264 245 246
264 246 265
262 277 261
262 261 243
262 292 277
267 266 247
267 230 248
267 247 230
267 248 280
267 280 307
279 265 266
279 306 278
279 278 265
12 68 86
12 86 103
12 103 85
140 169 154
140 155 169
140 141 155
126 147 158
126 158 146
126 146 108
126 127 147
88 70 89
88 89 106
88 69 70
88 106 104
107 106 89
107 123 106
107 71 90
107 89 71
107 90 124
107 124 144
107 144 123
87 86 69
87 69 88
87 88 104
122 142 141
490 478 16
490 477 478
258 257 238
258 272 257
223 224 240
223 222 190
223 206 224
223 190 206
259 273 240
239 240 273
239 273 258
239 258 238
239 223 240
239 238 222
239 222 223
300 320 319
300 319 299
332 348 347
332 347 319
332 359 348
332 333 359
332 319 320
332 320 333
318 347 317
318 319 347
318 299 319
318 317 298
318 298 299
381 380 370
381 410 419
381 382 410
381 370 382
35 26 27
35 46 45
35 34 26
35 45 34
31 30 29
50 49 30
50 64 49
50 76 64
37 10 19
37 27 10
37 19 28
37 28 48
36 35 27
36 46 35
36 27 37
36 37 48
61 91 60
61 60 44
61 44 45
73 108 91
73 91 61
109 92 127
109 74 92
109 73 74
109 108 73
109 127 126
109 126 108
184 173 199
184 172 147
184 147 128
184 198 172
184 199 198
200 215 199
200 199 173
200 173 185
200 216 215
200 185 216
95 96 111
95 94 76
160 130 112
160 161 175
160 112 161
174 130 160
174 185 173
174 175 185
174 160 175
129 110 94
129 94 95
129 95 111
98 99 113
98 81 99
98 113 97
98 97 79
80 66 81
80 81 98
80 98 79
80 79 52
80 52 66
181 170 194
181 211 180
181 180 155
181 155 170
181 229 211
181 194 229
145 144 124
145 157 144
145 146 171
145 124 146
145 171 182
145 182 157
249 232 281
249 248 231
249 231 232
249 281 309
249 280 248
249 309 280
330 312 313
330 376 312
330 366 376
330 313 282
330 314 366
330 282 314
139 138 118
139 154 138
139 140 154
139 118 119
227 193 210
227 209 193
227 245 209
227 210 228
227 228 246
227 246 245
373 342 374
373 353 342
373 389 353
373 374 401
373 401 389
557 538 539
557 539 569
557 569 568
575 552 564
575 574 552
575 576 586
575 564 576
575 586 585
575 584 574
575 585 584
587 565 578
587 577 565
587 588 595
587 578 588
434 435 451
434 451 483
434 483 482
434 482 450
434 450 433
434 433 435
527 509 528
527 526 508
527 528 545
527 545 526
486 510 509
486 487 510
486 527 508
486 509 527
395 367 356
395 394 367
395 407 394
395 408 407
379 378 380
379 419 418
379 418 409
379 409 378
379 381 419
379 380 381
377 368 378
377 408 395
377 409 408
377 378 409
377 356 368
377 395 356
324 13 291
324 291 325
324 323 13
324 336 323
324 337 336
324 325 337
263 292 262
263 278 292
263 264 278
244 243 226
244 262 243
244 226 209
244 209 245
244 263 262
244 245 264
244 264 263
294 327 306
294 306 279
294 307 327
294 279 266
294 267 307
294 266 267
143 156 170
143 170 142
143 123 144
143 157 156
143 144 157
105 122 104
105 104 106
105 106 123
105 142 122
105 143 142
105 123 143
121 87 104
121 104 122
121 103 86
121 86 87
286 272 258
286 299 272
286 273 287
286 258 273
286 300 299
286 287 300
288 289 303
274 287 273
274 273 259
274 288 287
274 289 288
274 275 289
274 259 275
77 76 50
77 95 76
77 51 78
77 50 51
77 78 96
77 96 95
47 36 48
47 63 75
47 75 46
47 46 36
47 64 63
47 48 64
62 46 75
62 75 74
62 45 46
62 61 45
62 74 73
62 73 61
148 173 184
148 184 128
148 128 110
148 110 129
120 139 119
120 141 140
120 140 139
120 119 103
120 103 121
120 122 141
120 121 122
556 568 567
556 557 568
556 567 566
556 555 518
556 566 555
556 518 538
556 538 557
2 594 577
2 577 587
2 587 595
474 487 486
474 455 456
474 456 475
474 475 487
241 259 240
241 275 259
241 240 224
301 300 287
301 287 288
301 321 320
301 320 300
38 31 39
38 30 31
38 50 30
38 51 50
65 78 51
65 79 78
65 52 79
65 40 52
65 39 40
65 38 39
65 51 38
159 148 129
159 129 111
159 174 173
159 173 148
159 111 130
159 130 174
473 474 486
473 508 472
473 486 508
473 455 474
473 454 455
473 472 454
302 301 288
302 5 322
302 322 321
302 321 301
302 303 5
302 288 303
