0.03489949670250097 0.9993908270190958
-0.03489949670250097 0.9993908270190958
0.7313537016191705 0.6819983600624985
0.6819983600624985 0.7313537016191706
0.9993908270190958 -0.03489949670250096
0.9993908270190958 0.03489949670250108
0.6819983600624985 -0.7313537016191705
0.7313537016191706 -0.6819983600624984
-0.0348994967025009 -0.9993908270190958
0.03489949670250114 -0.9993908270190958
-0.7313537016191705 -0.6819983600624986
-0.6819983600624984 -0.7313537016191706
-0.9993908270190958 0.03489949670250039
-0.9993908270190958 -0.03489949670250076
-0.6819983600624989 0.7313537016191701
-0.7313537016191703 0.6819983600624986
-0.08762154451025783 -0.996153836256414
-0.00123945226781754 -0.9999992321520894
0.08518876939564744 -0.9963648298722148
0.1373079834521946 -0.9905284031244215
-0.4250986903194702 -0.9051470066597992
-0.3493062327683919 -0.9370086212230121
-0.2742640461393061 -0.9616544256668028
-0.2040923495253555 -0.9789516394364038
-0.1403252440582966 -0.9901054623798472
-0.04933064379179642 -0.950610837748606
0.008676727937269039 -0.9436991709729602
0.13522551260066 -0.9380194324069164
0.1975973652347059 -0.9802832663588896
0.2106415738027295 -0.9175100114912178
0.2682733837975331 -0.9633428215572564
-0.2224717079937445 -0.9119538734965091
-0.1577333273539663 -0.9295799354298006
-0.1012531981836456 -0.928321695500293
-0.03702924876989527 -0.8962218253946724
0.03181929987655076 -0.8911118635575178
0.06949777213437221 -0.9440080710842959
0.2810016220071764 -0.8982121556183418
0.3477320654691529 -0.937593947857312
0.4264570488622318 -0.9045078146405773
-0.3686052528274496 -0.8468782332343316
-0.2982506700005572 -0.8848846882574966
-0.2377491852057345 -0.8475472318961076
-0.1592190907145454 -0.8678278911631421
-0.08874297103533681 -0.8640194356473145
-0.009684329282206557 -0.8412496508095343
0.06358682718289468 -0.8324237461451436
0.09637574914047052 -0.8864503526915781
0.1638369593638813 -0.8825211660860137
0.2205371735784304 -0.8389268611573818
0.297136232141508 -0.8389175557964139
0.4367258743598635 -0.8199362464150767
0.4935839921574796 -0.8696981328810741
0.5533278603216708 -0.8329635528801567
-0.5969532092647071 -0.8022760529714247
-0.5479994974956526 -0.8364786617360574
-0.4906370675712879 -0.8713640274566824
-0.4368285945853947 -0.8174326313566074
-0.2990871387985328 -0.7994199442073765
-0.1988748785822926 -0.8012285070794853
-0.1283712751977893 -0.8041304416293991
-0.0572519388865144 -0.8018001072468476
0.1039857377659138 -0.7746128043594142
0.1402371629526588 -0.8286931748499395
0.3712422840455679 -0.8508278440239622
0.5121975805273635 -0.7948195824155893
0.6001442694599912 -0.7998917779026948
-0.6403290093476729 -0.768100748820855
-0.5674462634828835 -0.7605959995536075
-0.5011686582814995 -0.7897759945481378
-0.3741848081642865 -0.7607552117419166
-0.248467613956156 -0.7449387236745505
-0.101415825163963 -0.736341985914014
-0.028215751517682 -0.7373389760435635
0.02370907805148929 -0.7780705645973994
0.1804618611870678 -0.769603001294685
0.257224760492317 -0.7670785212656707
0.3370622867578481 -0.7732895711306909
0.3927834884859707 -0.7435440616383315
0.4593019059408713 -0.7562185694094754
0.5179292358082521 -0.7256342301477522
0.5719563813701296 -0.7547926179204384
0.6257902834656047 -0.7161459103544616
0.6422587605194957 -0.7664878895100583
-0.7066687279682627 -0.7075445629611854
-0.6351035963726799 -0.7096955712726574
-0.5820771666369876 -0.7051346770195623
-0.5141132310833803 -0.7232352512130189
-0.4416146343609377 -0.7374719785990961
-0.3169279164454017 -0.7045330970998754
-0.1719570228033977 -0.7316766730576858
0.01484588826777513 -0.6818685000907624
0.06931654425626343 -0.718055044062748
0.1401063161524541 -0.6984793710397389
0.2182798632454359 -0.6981084247690011
0.3118330268232524 -0.6940488760203802
0.3818130822600201 -0.6599414569821138
0.4499516789334416 -0.688486365263577
0.5211269299644085 -0.6656385408983316
0.5783161452300024 -0.68997629074331
0.681884122177672 -0.6853983492571417
-0.764030246202299 -0.6451804268323968
-0.6688430867219509 -0.6615454192525781
-0.5393724110824801 -0.6590387599374261
-0.5015764105157751 -0.5992805876482149
-0.4680240054657313 -0.671302172044226
-0.385646524625025 -0.6704642732879437
-0.1497414268551853 -0.6581482327890517
-0.07071612466667576 -0.6671009363365721
0.08062199908362622 -0.6308009136050466
0.2498463670353232 -0.630313250954992
0.4130652987318069 -0.587198048748177
0.464169249849103 -0.622946405476972
0.638359564810357 -0.6565023120100036
0.6976175435146773 -0.6298992390681966
0.7648103900212426 -0.6442554367084564
-0.7994573761012658 -0.6007228170587726
-0.7466061765934239 -0.5841532317196542
-0.7060717185870878 -0.6235808751074539
-0.6493731239490484 -0.5928554945413753
-0.611122783622197 -0.6479366427134367
-0.5726165486008629 -0.6002812876433123
-0.4326837528331294 -0.6108757775111211
-0.304940733485309 -0.6193673141466124
-0.2317408058898414 -0.6644738432143266
-0.1102929761968248 -0.5866050606566563
-0.01644479015156031 -0.6124334171477622
0.04476562261456418 -0.5560384768806297
0.1617353207257946 -0.619687682216398
0.32000558958544 -0.5986608314913521
0.5328293169640113 -0.6040327872813051
0.5879785426455277 -0.6285747011983305
0.6429457532497208 -0.5929760264831476
0.7438414221031793 -0.5958533358987133
0.7722524529130319 -0.5396607609779455
0.8045936922920156 -0.5938257239282005
-0.8327697032291079 -0.5536195647963831
-0.7745697246462504 -0.5302670717204061
-0.7005751138979426 -0.5527759579848717
-0.6560950102963442 -0.5111352039396977
-0.6027779796278806 -0.5456349057542578
-0.5317663565691415 -0.5340361442653577
-0.4516417720522781 -0.5333070459990944
-0.3737278384243446 -0.5751985956343569
-0.2969158077478441 -0.5322864387529996
-0.2054167981531514 -0.5815645518275595
-0.0403991337720315 -0.5301907985748339
0.1265895702912092 -0.537770860683957
0.4979179485098099 -0.5507719168043361
0.5795337738080941 -0.5573000385595863
0.7008382680970292 -0.5628918553115384
0.8429003641915318 -0.538069676293945
-0.8637555408082321 -0.5039110699587782
-0.72812550448156 -0.4877400377050741
-0.5916499225143553 -0.4740720479248946
-0.4452351087946044 -0.4565258077439913
-0.3698853694966544 -0.4882079284394011
-0.1328827484221643 -0.4991831662262136
0.2224239254602027 -0.5513101810170932
0.3595990741901943 -0.5351381394376199
0.4395198003281516 -0.5094503590050891
0.5167947457441804 -0.4779000432408273
0.5854024182215722 -0.4970797206203197
0.649304302145684 -0.5285597519709526
0.7985556202236678 -0.4782087036442476
-0.8333700706570597 -0.4025242762997621
-0.804248014730381 -0.468828689872598
-0.7483249451235374 -0.4154559626939581
-0.6760243784336918 -0.4429912269314475
-0.5168937056257445 -0.4645648612155078
-0.2252732332478221 -0.4935455869388892
-0.03304578221407556 -0.4485977948652495
0.175645106686932 -0.4631305376174553
0.2813332704872185 -0.5016626812898257
0.3663357962454675 -0.4577384965735037
0.5854848261228224 -0.4281399708942464
0.6561448074987 -0.464600744970799
0.7220525386357943 -0.5024401207331755
-0.8939909827864512 -0.4480849519261405
-0.6222749480332466 -0.4092567244383402
-0.5502843857512177 -0.3929492745129139
-0.2988713898307664 -0.4257040448128746
-0.2019113171332085 -0.4078254953219772
0.05685585621101397 -0.4669654964441116
0.2795108949835647 -0.4156919396511561
0.4436061081218667 -0.4276022059663361
0.5113684990844688 -0.394017760445124
0.7228833969833915 -0.4385028017805147
0.780902319461197 -0.4075783289859947
0.8452381277267458 -0.4092331793833953
0.8793857287254431 -0.4761100082974665
-0.9241532422934595 -0.382021968426332
-0.7775701445862424 -0.3444991177451154
-0.478918986417895 -0.3775766870963682
-0.3891096060644081 -0.3950960290371878
-0.331918052722503 -0.3302369589271945
-0.109482811172037 -0.3996632490919944
-0.012461451477505 -0.3519813248870871
0.0922507975409675 -0.386772635004871
0.1990073998850806 -0.3737894366424682
0.3613542583399483 -0.3741275832604475
0.4404923316391365 -0.335400320451497
0.5738066781677061 -0.3494356413830214
0.6532941229499356 -0.3921799477337539
0.719742274214467 -0.3578113304383321
0.9167954187608653 -0.3993571839233616
-0.950329326293842 -0.3112461585785652
-0.8660067487453769 -0.326829836329278
-0.8118937387434894 -0.269160024522846
-0.6890722072696934 -0.3578066534869473
-0.6094243050718352 -0.3339863078438451
-0.4359579717316246 -0.307881296815112
-0.2373433466659695 -0.324626876173328
-0.1337281442885409 -0.3057518696295927
0.1552157188612008 -0.2879247611332949
0.2748405417744775 -0.3092608962261244
0.3584115496968163 -0.2832401050162101
0.5065492400026931 -0.2961762488785968
0.5820397104200972 -0.2545814828676976
0.6398753048260624 -0.3138050823011038
0.7046737585940347 -0.2797407929666726
0.7936070072822411 -0.3296322823105042
0.8682754509119832 -0.329095183904125
0.9466239588712499 -0.322340009701503
-0.9691214255761345 -0.2465839862556848
-0.8905631347041603 -0.2535540704983272
-0.7199664686207594 -0.2826893935174064
-0.6343195137655268 -0.2673638125647858
-0.5340342285723773 -0.2984547394798566
-0.4853750835368902 -0.2207919882736208
-0.3785459420419804 -0.2410375948777556
-0.2839654883353765 -0.2310920700908639
-0.1916978638664484 -0.2112497401890467
0.02208874286966968 -0.1656372565201267
0.05877403256697775 -0.2743463545221779
0.2291656244548195 -0.2222633591747422
0.3228791315550716 -0.1891587387966909
0.7670444627835137 -0.2560479179337621
0.8355669233247259 -0.250698024344805
0.8981655567014717 -0.2602156816613949
0.9678382844404302 -0.2515731625745534
-0.9823735212439563 -0.1869285032115505
-0.9135976672031627 -0.1897806078624904
-0.8354561313997583 -0.1929773789058412
-0.7588118299539953 -0.2161147478593917
-0.677848925362488 -0.1988611518358122
-0.5751172211149987 -0.2048101214261622
-0.4230374375581533 -0.1541185343527907
-0.324367445232874 -0.1358640073082458
-0.0574774893408752 -0.2450421965148869
0.1319517029617354 -0.1634755005054777
0.2276926178236518 -0.1086968254050341
0.4246380918756587 -0.228620475398742
0.5028096341249958 -0.2022355331931276
0.5865103391360612 -0.1614224084757027
0.6538714136101234 -0.2122470690920853
0.7196248624704017 -0.1883552512785651
0.7927735667601125 -0.1832140668495203
0.9172968373966508 -0.20093389636523
-0.9910865106322853 -0.1332198471962794
-0.936511663149842 -0.12553882878765
-0.8717995933819289 -0.1335546017477985
-0.8079284338765758 -0.1158467853259322
-0.7608340124612238 -0.1490744098887282
-0.7002800913043022 -0.1245141047290311
-0.6164835541149249 -0.1327159622803178
-0.5214054856011588 -0.1181595908608259
-0.1134381259939432 -0.143146190120317
-0.02364247702653883 -0.05975841370161992
0.4121825959761954 -0.1219953614558772
0.5012977216932161 -0.1186645973250947
0.7376727346034054 -0.1203052300579543
0.8596981454426201 -0.1783566506815788
0.9264394953853663 -0.1436906466550169
0.9823600508732625 -0.1869992802755713
-0.945744975427994 -0.06019417031739124
-0.8950055288603089 -0.07404307158531193
-0.7506737888857421 -0.05819684777180511
-0.6722566250865764 -0.05743931717990496
-0.4283578494020172 -0.06601862977907876
-0.2290041748763226 -0.09303654680951565
0.2008983008889033 -0.002581245151729598
0.3243411002687324 -0.07299864634167032
0.5759780815786524 -0.07420368762616728
0.6574571773931704 -0.1200226512647288
0.8104572277687123 -0.1169826265488606
0.8725677713735827 -0.1087982285271923
0.9377803951116767 -0.09169009155689972
0.9913828352009114 -0.1309964689388905
-0.9964630424401333 -0.08403216768002127
-0.9490724858273094 -0.003169976905328082
-0.8343473445900007 -0.06407754676442001
-0.8050065440207316 -0.01297768495693812
-0.5934766644739984 -0.05032724561634386
0.2963083962332512 0.02872196086959007
0.4033465420295161 -0.003501546788269334
0.4822217521935632 -0.03384767943519888
0.6980830922734904 -0.05188921377356174
0.7703789176228762 -0.05481907288140984
0.8313390332521901 -0.04770835225100167
0.8895800108270097 -0.04659443591585644
0.9448452166412747 -0.04147505077171445
0.9967727847099483 -0.08027463014968993
-0.882509799267181 -0.01435937853582142
-0.7532381232745197 0.02924691057497817
-0.6793905220986565 0.01481980353653791
-0.5114804439549089 -0.0152824226782881
-0.4200597295409478 0.03656784045103525
-0.3335994781010718 -0.02485304528714615
-0.2473268301127475 0.03347747648200401
-0.136679879396562 -0.01800427748672842
-0.01930973289873551 0.06943741267077001
0.09480113573092389 -0.04281635570574325
0.2294773528189702 0.1234474096817154
0.5473805657144839 0.01708181042491196
0.631578699579966 -0.02694623581356356
0.6926558446957815 0.03377471435336783
0.7493079386960591 0.0104268305563095
0.8061490062926664 0.02029996497133295
0.8643569224033327 0.01522740597927774
0.9185226025028023 0.01483950700196935
0.9700251265851807 0.006236621691580057
-0.9952517880061533 0.09733384965590823
-0.9517951203311339 0.05906766800093365
-0.9018683213297369 0.04142924518311201
-0.8355908029760846 0.03990734454802294
-0.5939489113616078 0.03551530027913928
-0.5040591479713713 0.08343157034777565
-0.3327171161106242 0.1029803604650163
0.1076362990887754 0.08627432637792856
0.6216085717669919 0.05483226674532543
0.8317575870504968 0.08043756602738091
0.8957894793427922 0.07425788141248255
0.9523915737779528 0.066336142060285
0.9948182593534997 0.1016692234666303
-0.9357760816302018 0.1179935486726521
-0.8803358246514331 0.09642136249840257
-0.8091190789512417 0.09530958089345197
-0.7380073685663121 0.09842671678299902
-0.662738183556985 0.09611269858455551
-0.5820052739796501 0.122483435117326
-0.419165719090683 0.144598136408314
-0.144753260529199 0.09503040351934751
0.3642143124072973 0.09730599685796049
0.4730681113673091 0.07676273617568274
0.6759461967326968 0.1101895569192566
0.7574796267692694 0.0863623498172772
0.807239464887077 0.1430277396289332
0.9396250963554917 0.1289373493744203
-0.9192256076317198 0.1794528786818338
-0.8597916530033225 0.1564113120810415
-0.7882909754233771 0.1628487129538206
-0.5135104026727243 0.1863609167386864
-0.2404490582132317 0.1627277556179147
-0.1125493303948892 0.1896756459741556
0.4317752247943818 0.1712117482668112
0.5700038102845095 0.1079696601497688
0.7273076809446273 0.1580548429842649
0.8792296967909228 0.134374771713418
0.9236249684358714 0.1984482256145249
0.9849722398618159 0.1727127313012988
-0.9867608614601024 0.1621820033787829
-0.8381717140740781 0.2276646522605606
-0.7065819093845024 0.1706071050774481
-0.6265480170518052 0.1875647768808316
0.1213899066664209 0.1986671007180567
0.3186745035156948 0.1908631163147565
0.5254992699255784 0.1704984322332817
0.6292568281769105 0.1692759163971628
0.7772458115255854 0.2082510727977358
0.8606002413338952 0.1948824231126157
-0.5755276747927116 0.2538478293134838
-0.4139404037121749 0.2353776222872456
-0.3184585607914132 0.2325422618167758
-0.1999649459566337 0.2671234732724319
0.002886389609916696 0.1868968986709386
0.495918056979519 0.2577506725916592
0.5894585175501491 0.2417675136488874
0.6534100709435834 0.2988570847027298
0.6882701563552941 0.2247759774710215
0.7476837312945588 0.2797613491053063
0.8319780199085119 0.2502809161978128
0.8970211346782277 0.2744815691567096
0.9683012640549383 0.2497852307463921
-0.9729803120691514 0.2308880926459961
-0.9065271809035021 0.244973241046199
-0.7612143466363003 0.2315069916967829
-0.685103449878905 0.2561296051017137
-0.4828772214898099 0.2860185312323359
-0.2708915899010026 0.3340177418162261
0.02914120783856309 0.295000052322425
0.1316687313346462 0.3124329177948795
0.2210482893435395 0.2425218510246609
0.3038158764903437 0.2993654855656591
0.3957978168087685 0.2611755474268541
-0.9517918921364799 0.3067445106386331
-0.8666252525024134 0.3049383258735429
-0.7818465249978043 0.3004593883670617
-0.700995716015858 0.342901895370486
-0.6255576585374965 0.3160560592463021
-0.3815650842726628 0.3269353142172892
-0.1646016940779703 0.3788225269715311
-0.08415891504850354 0.2940046744058757
-0.04341871565254364 0.3873316401266055
0.2278910848436683 0.3612552093106252
0.2982306172558239 0.4143780492075413
0.3697273489068134 0.3614072441124861
0.4581608333616636 0.3326923300373385
0.5610490285780657 0.325562602420329
0.8183739367818085 0.3151786141906015
-0.9254643018426264 0.3788348281722046
-0.8433347515019236 0.3749535432272639
-0.7663308385481612 0.3803254994747203
-0.5450296415237103 0.3441226017564705
-0.4625416989978834 0.375796447812044
-0.3313615388093133 0.4041863222510262
0.4271521596044855 0.4191004624995901
0.6277669448580491 0.3699959597962016
0.7165597365243562 0.3511876345878908
0.7954182934792865 0.3792706507239412
0.8809662049197645 0.3668532696639654
0.9438105963059136 0.3304868497892147
-0.8931160623090045 0.4498262998339664
-0.8221633074503699 0.4458601059882303
-0.7515470738642559 0.4475228273671747
-0.6863464184979852 0.4218545757557204
-0.6208449134944065 0.391921192090571
-0.5478551844242614 0.4215030112996057
-0.4812046671626231 0.4615028422301292
-0.4021730341638328 0.4364512885169287
-0.2544285316355525 0.4424415560720572
-0.08691909844227771 0.4604189582665853
0.05066997425639667 0.405511402955112
0.1033264866065118 0.5002450377163125
0.1450624490706429 0.4143881496571669
0.4933389728729314 0.4583154795300042
0.5146640442297268 0.3862571290506413
0.5763719530293568 0.4258402883231078
0.6660654959904754 0.4232776104407239
0.7384350864133867 0.4208813114309198
0.8238707836961904 0.4406258230401806
0.8987987338420016 0.4383615382744102
-0.8578687031789218 0.5138689402932862
-0.783306834227794 0.5071115430441435
-0.7047233468818191 0.4946373772945049
-0.6210051354047873 0.4676711596506575
-0.5470892611530639 0.4964675310077341
-0.3434766928338728 0.5034931782648937
-0.1731691032447144 0.4906286716858322
0.005215440354791075 0.4990067382975826
0.2092911215364648 0.4794987845020848
0.3700467467165306 0.4725287579136898
0.4377143190548633 0.5139852316011871
0.5328656497015456 0.5070978739086702
0.6054262157587516 0.4840737652698426
0.6741713260333895 0.483161959768218
0.7457162324516297 0.4760049211130361
0.8004610485880009 0.5052646486778515
0.8597391113480948 0.5107334530646391
-0.8240484646043688 0.5665193104851116
-0.7565590658236622 0.5583514654629045
-0.7014511658309072 0.5578708672928897
-0.6461886118263972 0.5255579645502845
-0.5893672850639974 0.5457171035551761
-0.5098335825066851 0.5580012432492215
-0.4386568695627766 0.519912909785348
-0.2622650677245551 0.5397702281013048
-0.1763684988980628 0.585134983586552
-0.08781181919029758 0.5500622260687122
0.2920776087562826 0.5044482702662464
0.483097802198402 0.575012135361794
0.5416446127006085 0.578380551538592
0.595685087907763 0.5538640028944624
0.650328373828108 0.5463970743538453
0.71288500421915 0.5337094356039276
0.7647306008045303 0.5502521380365718
-0.7904202638385446 0.6125649407746104
-0.719996721884769 0.6131120171528565
-0.6505600781677842 0.5916305939390288
-0.5752629709351852 0.6026365928115274
-0.01242017727992048 0.5928807310820149
0.07337746040180999 0.5835532297006408
0.1626120577790955 0.5745726455231295
0.3499491005298616 0.5633937292311056
0.4174305476495812 0.5898994079808096
0.636900475829311 0.6139606342314879
0.6910299357389031 0.5914666258354639
0.7479535635972504 0.5981558949488103
0.8164174524496323 0.5774621584619587
-0.7597617883041691 0.650201526331044
-0.6837336735589468 0.6519255026044375
-0.6277958826926279 0.6411868567783945
-0.5814755469687454 0.6728267950093207
-0.5230597159541289 0.6383059874212793
-0.4622214725987601 0.6089516681618357
-0.3992808376335173 0.575649314918092
-0.4020359886732558 0.6596954293788939
-0.3341136945816481 0.5996018146075605
-0.2625500927647751 0.6334128509388691
-0.1912019611750376 0.6706190448245498
-0.1006357834657938 0.6361282494720241
-0.0292073975822886 0.6742163401170641
0.2493912037093232 0.5767644999206217
0.3005158229343695 0.6404800522856765
0.3763544708249636 0.6508484079052693
0.455462601534618 0.6563155376557728
0.5153414473756988 0.646320829077545
0.5784725897310471 0.6276070652621286
0.6629044376338107 0.6652865167496201
0.7065736976155036 0.6410344940806844
0.7718180179824393 0.635843491800126
-0.7064228703937174 0.7077900311676708
-0.6406695941969418 0.6987685381409343
-0.5916832939186735 0.7353579609775626
-0.5326776173033456 0.7083167800384284
-0.4664772218855996 0.6853934965844839
-0.1285847779733266 0.7082345026521759
0.02777251444009212 0.7343271011535046
0.05248083051243637 0.6621692409836013
0.1326394953989456 0.6646740221975594
0.207462791746336 0.6590064921775559
0.253730016888395 0.7213892158722428
0.3307118672692143 0.7225254653751867
0.4087442745024522 0.7178006581687186
0.4843965143203312 0.7248107575500733
0.5440076034068295 0.6986374959173199
0.6003418034129488 0.6760617374568993
0.6389834713008408 0.7131299418045727
0.7064218658066259 0.7077910334110478
-0.6485890099478362 0.7611388156750202
-0.6096309336771822 0.792685388539063
-0.5374636039234634 0.7760109616426173
-0.4782186229435046 0.7502918833074751
-0.4079612214182655 0.7448276572893313
-0.3383134178203915 0.6900799456675047
-0.2649698439129713 0.7236589123604077
-0.06359185903432088 0.7375635404759577
0.1017575815672229 0.7366600503554775
0.1830040714455818 0.7495580715963761
0.2629524674050943 0.7969798193845448
0.3493018221312121 0.7919389582645958
0.428546461064693 0.7786122776628377
0.4830931157336312 0.8080568793430253
0.5353436925070557 0.7700847134500638
0.5880356535272813 0.7415433649815493
0.6376724819174174 0.7703076055290841
-0.5663577734025916 0.8241594942650874
-0.517671748723935 0.8555793127666381
-0.4660405684174231 0.8107709401615796
-0.3375420318479887 0.7762525976455025
-0.1990940193540024 0.7576305160830592
-0.198428413371009 0.835513990080199
-0.1319672470832154 0.7823164437804211
-0.07098197528209589 0.8174264216549565
-0.01127478153997108 0.7827121290128569
0.06352862436780431 0.8087402979116892
0.1333252644768669 0.8028124891134092
0.4081023851253038 0.8483435394465992
0.5336427504040909 0.8457100062787422
0.5889120664151234 0.8081971161761196
-0.4571386648269666 0.8893954363064042
-0.3986467915868874 0.8310749907188225
-0.265501813215356 0.8100848444399619
-0.1353138635838871 0.849355314067911
-0.05597297128084771 0.880867067825934
0.001641972811662216 0.8424555153170655
0.06190484709707077 0.8812214961746319
0.1211674205361986 0.8670861391890408
0.1935139113278724 0.8401087952346453
0.2638010251632477 0.8720410306593901
0.3260602815779384 0.8698522504069152
-0.3904356720554921 0.9206302115033786
-0.3259291501824717 0.8652550749373003
-0.2564790051444325 0.8921735987244711
-0.1912266201699509 0.9078744880386259
-0.1137002446595142 0.8954043145148711
-0.07448222833199368 0.9435147353208322
0.004246696703333379 0.9010238613342502
0.163814323646195 0.9177566439417343
0.2252270892697271 0.9153988835873229
0.3816518440579809 0.924306156839338
0.4656993892168765 0.8849429804147717
-0.3173516656115817 0.9483079249916486
-0.2497733856943897 0.9683043199477084
-0.190474128636312 0.9816922160081752
-0.1399501755401329 0.941423754135614
-0.02099560038113417 0.9450532339851475
0.04477772971010939 0.9467794384456051
0.1035094668400879 0.9361388610065314
0.1515205974010901 0.988454100204767
0.2186245921162732 0.9758090425748419
0.2980979660061622 0.9545352815170401
-0.128201771427585 0.9917481056578999
-0.07922924348560606 0.9968564225191042
0.001795428042242914 0.9999983885065755
0.08976453621452669 0.9959630155449152
